-26.894612
-25.163368
-27.004670
-27.692967
-27.009821
-24.207549
-26.865011
-26.917310
-27.168660
-27.380838
-26.799957
-27.661513
-26.965183
-25.227499
-4.452344
-25.074601
-27.351546
-27.107731
-5.108502
-27.766292
-5.046919
-23.047148
-25.077977
-27.107020
-25.582190
-5.377597
-27.197312
-5.221139
-27.174598
-26.949888
-25.221098
-5.206845
-27.306612
-5.393508
-24.476285
-4.090308
-5.242260
-25.927160
-27.469787
-27.155039
-27.147410
-27.448420
-3.856112
-27.565761
-27.309143
-22.865806
-27.789967
-27.359740
-22.690509
-24.903631
-27.760400
-27.602981
-27.441045
-27.412846
-25.539276
-22.698574
-22.425528
-5.300044
-27.006535
-27.769322
-26.853637
-27.161260
-27.729409
-25.006675
-22.653629
-27.409914
-26.727555
-5.115894
-27.052819
-27.238226
-27.063821
-25.452421
-5.135041
-27.472393
-25.240657
-27.420209
-24.970505
-27.148573
-27.115753
-5.159432
-27.294158
-25.506835
-25.171995
-25.246164
-25.357205
-27.100568
-24.066654
-25.366314
-27.208175
-27.325711
-24.743082
-27.431737
-27.079432
-27.509699
-27.759845
-23.548460
-26.904133
-27.362264
-24.228799
-27.180775
-27.144040
-27.252339
-5.096716
-23.958886
-25.457073
-27.094043
-27.641496
-27.274025
-26.417845
-24.864428
-5.369124
-25.032607
-27.801195
-4.610580
-25.157276
-27.272351
-27.419475
-23.987467
-26.957632
-27.167221
-24.217338
-27.801173
-3.830958
-25.684148
-5.197720
-5.099458
-27.495220
-27.646320
-25.290519
-24.793961
-24.500330
-24.974097
-27.282238
-25.263850
-24.880983
-27.741659
-27.532869
-26.450950
-27.090237
-25.363677
-25.420531
-27.556726
-24.756655
-25.151706
-26.661180
-25.683180
-26.401454
-27.602219
-27.080785
-5.331155
-26.910340
-27.548968
-26.474587
-27.489555
-24.446616
-27.119492
-5.344106
-27.418695
-26.517508
-3.361412
-26.682754
-26.846763
-27.887325
-24.895771
-27.473532
-4.481214
-27.198202
-25.266368
-26.639482
-27.108846
-26.981821
-26.688731
-27.573789
-27.619795
-26.845037
-27.437577
-27.374970
-5.041246
-4.079720
-26.705136
-27.343907
-24.416340
-25.108582
-27.108018
-24.781288
-24.691932
-26.715712
-24.950184
-27.144583
-27.373174
-27.336346
-27.552703
-27.485796
-27.375560
-27.529780
-27.275466
-5.286962
-4.456718
-23.030400
-26.891771
-25.171066
-5.169912
-24.835806
-27.113975
-25.115910
-24.675660
-27.080729
-27.388864
-25.081278
-22.812046
-24.826888
-25.903035
-24.124184
-27.668368
-21.838375
-25.294626
-27.581685
-27.081223
-27.049841
-27.171525
-23.812642
-27.758066
-25.466472
-27.358755
-27.143576
-27.175237
-26.726200
-27.553820
-24.056835
-5.186801
-5.272030
-27.733592
-26.702194
-27.284108
-27.234880
-24.799490
-27.313792
-24.967979
-26.917869
-27.486104
-26.752036
-26.950089
-27.577210
-27.096906
-3.804110
-27.148195
-25.199328
-27.624809
-22.773867
-23.987353
-24.178008
-4.563712
-26.896526
-26.697096
-25.439022
-26.605135
-27.623387
-25.080878
-24.004977
-5.194269
-25.470890
-5.306411
-25.342007
-25.092308
-26.499887
-27.266619
-27.526174
-4.535352
-25.285224
-23.344178
-27.275662
-5.307221
-26.717230
-26.730312
-25.914177
-24.839867
-23.890056
-27.439632
-27.194266
-23.965370
-23.867423
-25.390303
-24.235962
-27.205382
-25.046705
-22.245165
-23.960347
-27.425077
-4.489552
-27.520249
-25.061973
-29.429881
-29.172943
-29.058356
-28.485293
-29.057090
-5.242596
-28.833054
-29.038709
-28.779591
-29.026560
-28.837428
-28.566784
-29.292700
-29.041587
-28.581999
-26.717068
-28.563665
-28.818285
-28.621252
-28.961682
-28.585492
-23.939068
-4.449889
-29.315802
-29.366558
-28.733988
-28.312907
-28.196354
-28.490022
-28.844111
-28.768723
-28.854503
-24.440074
-29.367325
-29.289534
-25.998420
-28.244402
-24.014167
-24.056561
-29.141685
-26.431908
-24.569048
-29.143103
-28.945390
-28.954483
-29.165618
-25.919219
-28.852045
-26.440688
-24.702981
-28.986553
-29.168553
-28.998900
-28.331813
-28.942373
-28.751555
-25.909150
-28.974034
-25.855785
-28.411739
-25.874059
-29.258542
-28.867426
-28.057501
-28.834338
-28.916731
-28.971244
-28.736069
-28.998648
-28.860663
-25.004917
-29.041557
-24.532131
-28.791504
-29.327266
-28.772534
-24.200129
-29.291420
-28.982673
-23.228801
-28.483740
-24.384628
-28.728112
-25.406885
-29.152078
-28.948182
-28.753658
-5.097661
-28.766394
-26.367355
-28.469654
-28.603786
-28.717657
-29.009679
-5.221927
-3.817017
-29.440250
-29.078187
-28.200327
-28.206836
-26.678602
-29.267510
-28.368023
-29.194357
-26.687013
-28.794899
-29.378987
-28.794501
-4.364206
-28.863357
-5.199681
-28.836962
-26.396545
-28.514504
-29.034489
-29.100776
-26.068294
-29.056289
-29.087277
-28.593328
-28.608189
-25.954644
-28.881870
-5.319358
-28.448371
-28.797298
-29.308665
-29.163740
-28.943293
-29.175709
-29.298594
-25.632997
-28.599155
-26.141201
-28.649153
-28.849835
-29.267024
-26.261238
-23.146778
-26.388318
-29.733103
-26.210992
-29.785809
-5.141826
-29.667423
-29.169624
-29.459051
-30.148438
-5.153502
-28.770023
-26.048365
-29.686860
-29.940750
-5.040055
-29.122742
-29.898553
-29.247135
-29.656609
-29.437784
-29.418519
-30.006617
-29.181615
-29.336095
-29.677614
-29.069471
-29.581634
-29.074898
-26.415081
-29.542537
-26.501764
-29.525047
-29.719375
-26.130516
-26.165711
-29.374175
-29.678488
-29.328134
-29.986858
-29.929211
-5.083309
-29.838017
-24.343227
-5.171364
-29.031971
-30.001667
-26.400531
-29.389494
-29.854439
-29.912859
-29.244723
-29.940592
-29.220930
-29.283916
-29.812269
-29.243922
-29.380016
-30.022969
-29.812014
-29.847487
-29.903784
-29.746255
-29.163093
-28.857510
-29.405316
-29.442787
-29.527142
-29.413554
-29.410268
-29.954869
-29.732361
-29.267382
-29.300470
-30.027739
-29.276364
-29.406988
-26.165775
-30.115257
-29.619100
-29.382287
-28.931942
-29.822079
-29.819300
-5.294890
-29.090039
-25.812756
-29.597743
-29.925367
-29.664638
-29.782170
-29.519999
-29.699489
-29.899771
-29.736013
-29.892337
-29.132791
-29.682559
-29.687771
-29.669165
-29.682115
-29.590247
-29.200887
-29.394535
-26.598160
-29.686711
-29.283751
-29.263776
-29.613761
-29.971089
-29.733034
-29.632901
-29.645220
-29.983313
-29.501098
-30.111477
-29.750602
-29.282284
-29.142744
-29.373305
-28.997147
-30.075953
-29.655353
-29.447794
-29.328326
-25.888548
-5.137377
-29.730350
-29.575842
-5.168276
-29.051974
-30.045591
-29.682085
-29.491392
-5.117780
-28.653683
-28.499632
-28.786699
-29.047644
-28.263578
-28.873645
-28.854863
-27.865648
-28.827218
-28.356572
-28.145524
-28.708937
-25.272165
-4.494688
-28.309668
-28.827445
-27.992058
-28.249228
-28.985323
-28.889665
-28.903143
-28.400996
-28.661710
-28.529870
-25.486610
-28.538937
-28.101120
-28.402151
-28.717424
-28.885103
-28.607952
-25.574935
-28.445382
-28.600203
-28.554562
-25.681639
-28.335805
-27.765343
-25.221130
-26.078794
-28.469240
-28.531654
-5.269037
-28.629641
-28.706613
-28.428346
-28.934134
-28.801646
-28.735200
-28.583843
-28.789484
-28.046215
-28.946573
-28.565860
-5.109591
-5.005198
-5.250862
-5.071994
-5.144315
-4.108054
-5.164103
-5.253764
-3.077730
-5.120371
-4.433866
-5.285580
-5.318921
-5.269911
-5.179418
-5.157612
-5.116509
-5.200282
-5.290365
-4.080362
-5.170632
-3.370061
-2.822922
-5.085693
-5.138057
-4.036972
-5.182473
-5.178162
-5.068632
-5.136339
-5.235864
-5.267417
-5.192613
-4.546396
-5.128938
-4.488325
-5.099031
-5.179158
-5.194395
-4.477932
-5.025512
-5.245405
-4.065697
-5.162970
-5.263445
-3.976311
-5.111570
-5.209610
-5.104268
-4.473800
-5.161009
-5.192931
-5.109136
-28.861899
-28.130113
-28.568323
-29.257818
-28.817379
-28.805022
-28.889699
-29.067826
-28.279890
-28.243476
-28.995240
-29.047072
-28.827048
-28.729921
-28.848727
-28.869092
-28.559398
-28.976355
-28.826643
-28.409902
-28.957963
-28.742571
-28.466842
-28.934150
-28.763937
-28.395345
-28.133107
-28.024961
-28.553414
-28.530263
-28.840248
-28.144895
-28.516076
-28.406697
-28.792261
-28.780439
-28.821765
-28.903392
-28.442100
-28.449931
-28.564470
-28.463077
-28.966597
-27.930514
-28.661839
-28.549810
-29.171243
-29.272007
-28.464212
-27.733175
-28.857432
-29.005299
-28.708454
-28.924790
-29.051330
-28.698119
-28.895323
-28.503664
-28.660095
-28.480663
-28.234311
-28.957642
-28.163969
-29.212008
-28.189040
-28.656847
-28.556245
-29.078283
-28.691838
-28.610423
-29.004914
-28.655594
-28.365165
-29.243589
-28.214724
-28.787898
-28.639372
-29.204100
-29.145441
-28.879225
-28.507751
-28.633959
-29.107868
-28.295811
-28.775722
-28.589053
-28.545114
-28.331261
-29.230600
-28.971855
-28.968404
-28.535104
-28.577961
-28.674294
-27.862502
-28.718442
-28.544666
-29.179739
-28.965104
-28.983258
-28.845639
-28.971533
-28.667279
-28.410893
-29.182963
-28.935725
-28.024543
-28.516755
-28.955909
-28.809810
-28.442992
-29.156185
-28.536178
-28.048956
-28.887341
-28.049288
-28.361938
-29.042340
-28.126764
-28.153096
-28.914461
-28.934542
-29.048983
-28.744851
-28.330072
-28.679710
-28.451388
-28.718926
-28.937254
-28.711010
-29.003994
-28.805426
-28.745226
-28.063780
-28.867712
-29.166846
-28.279669
-28.863659
-28.797254
-27.848028
-28.588291
-28.695636
-28.419790
-28.370381
-28.438142
-28.321190
-28.740608
-28.508025
-28.577941
-28.997332
-28.370791
-28.829517
-29.286153
-28.798193
-29.100148
-28.516316
-28.595570
-28.885118
-29.002352
-28.386020
-28.568637
-28.630106
-29.128397
-28.213121
-28.526492
-28.832098
-28.418802
-28.544996
-29.127620
-28.685393
-28.790399
-29.087576
-28.578482
-28.174288
-28.649287
-28.856370
-26.557310
-24.487778
-26.253204
-26.462021
-26.402557
-22.932507
-25.688840
-26.251081
-26.629399
-26.161901
-26.341734
-26.390139
-26.210471
-24.399050
-4.563969
-24.452672
-26.594638
-26.161023
-5.311698
-26.452284
-5.358595
-22.534571
-23.912733
-26.131811
-24.408775
-5.021610
-26.024680
-5.196369
-26.729946
-26.416191
-24.122241
-5.154004
-26.032657
-5.246532
-22.923470
-4.086162
-5.249062
-24.600464
-26.117914
-26.293676
-25.707803
-26.583108
-3.709183
-26.326659
-25.806921
-22.571299
-26.251792
-26.448183
-21.803329
-23.938337
-26.897699
-26.184226
-25.960804
-26.647777
-24.195045
-22.021453
-21.271799
-5.191462
-25.889867
-26.433758
-25.715122
-26.310821
-26.620613
-24.603087
-22.401197
-26.203336
-25.572740
-5.261047
-25.832302
-26.325464
-26.220127
-24.653405
-5.269357
-26.805926
-24.506301
-26.311686
-24.346544
-26.235425
-26.187654
-5.206361
-26.362788
-23.932116
-23.965702
-23.646841
-24.522621
-26.115488
-22.861017
-24.203539
-26.010784
-26.418662
-23.727183
-26.293193
-26.455687
-26.377584
-26.259258
-22.879044
-26.040960
-26.708173
-23.406553
-25.917926
-26.080131
-26.353040
-5.286044
-23.147763
-24.364076
-26.189709
-26.462280
-26.184722
-25.583634
-23.883871
-5.003234
-24.242540
-26.339705
-4.545639
-24.459841
-25.965817
-26.222612
-22.636618
-26.286658
-26.102760
-23.218029
-26.459378
-3.762521
-24.136799
-5.171949
-5.285554
-26.306357
-26.225754
-24.119961
-23.700324
-23.792993
-24.309041
-26.384732
-24.127499
-23.736730
-26.689721
-26.438409
-25.447422
-26.490913
-24.657779
-24.286688
-26.317632
-23.772690
-24.203040
-25.793191
-24.551413
-25.772087
-26.320690
-26.307604
-5.114820
-26.059130
-26.282557
-25.672359
-26.518081
-23.210328
-26.769109
-5.075469
-26.314468
-25.784579
-3.397263
-26.008054
-26.306024
-26.438050
-24.160384
-26.228335
-4.495221
-26.234573
-24.100108
-25.642388
-26.440805
-26.120131
-25.813410
-26.110306
-26.718453
-26.036562
-26.178557
-26.213559
-5.405451
-4.061755
-25.741633
-26.582172
-22.787406
-24.324784
-26.273055
-23.939663
-24.283122
-25.848296
-24.095362
-25.749595
-26.247713
-26.541743
-26.621829
-26.859405
-25.899615
-26.308976
-26.018262
-5.073189
-4.526669
-22.078781
-25.664777
-24.315046
-5.193696
-24.346364
-26.163229
-24.463804
-23.662874
-26.404162
-26.225950
-24.520107
-21.774394
-24.094691
-24.869340
-22.835208
-26.245979
-20.711490
-24.600410
-26.597379
-26.638691
-26.631365
-26.453310
-23.051170
-26.739890
-23.969788
-26.083484
-26.330493
-26.763151
-26.054364
-26.465285
-22.649827
-5.174429
-5.140925
-26.183954
-25.894847
-26.506731
-26.481385
-24.069439
-25.991732
-24.148298
-26.028291
-26.279351
-26.119123
-25.977511
-26.083867
-26.038547
-3.790772
-26.157296
-23.872402
-26.422624
-21.405243
-22.755079
-22.931979
-4.392618
-25.728192
-26.026631
-24.323019
-26.034808
-26.774507
-24.120792
-22.885685
-5.166688
-24.656800
-5.055280
-24.204553
-24.618171
-26.062921
-26.186457
-26.310936
-4.421681
-24.229911
-22.790829
-26.111694
-5.115945
-25.744935
-25.914434
-24.536003
-23.928622
-22.836154
-26.086932
-26.241545
-22.825816
-22.539430
-24.491176
-22.923228
-25.846113
-24.101479
-21.072395
-23.141312
-26.690430
-4.533511
-26.424976
-24.189085
-27.994179
-27.961960
-27.941311
-28.191278
-28.431573
-5.089518
-27.901776
-27.945293
-27.624364
-27.954097
-28.342994
-27.938695
-28.457990
-27.989368
-27.464538
-25.581154
-27.418573
-27.862444
-28.185811
-27.950749
-27.956820
-23.491309
-4.500414
-28.007804
-27.887826
-27.665485
-27.953787
-27.390579
-27.626128
-28.117827
-27.859287
-28.003509
-23.506431
-27.842838
-28.225195
-24.620306
-27.871533
-23.404938
-23.346875
-27.775952
-25.389255
-23.614367
-28.019477
-28.070446
-28.229794
-28.026710
-25.041939
-28.343712
-25.221859
-23.668743
-27.601731
-28.435841
-27.984139
-27.843991
-28.008587
-27.649555
-25.441211
-27.839931
-24.909024
-27.365676
-25.169727
-28.008780
-28.131557
-27.697452
-28.155534
-28.029197
-28.302441
-28.226919
-27.922346
-27.913557
-23.717974
-28.092645
-23.801785
-27.687774
-28.022838
-28.005579
-23.667574
-27.817503
-27.873609
-22.169162
-27.681085
-23.465141
-27.228636
-24.956869
-28.032954
-28.113552
-27.576326
-5.253599
-27.567032
-25.190923
-27.857403
-28.019857
-27.873020
-27.816183
-5.107870
-3.741426
-28.145064
-27.753962
-27.256505
-27.345985
-25.481536
-27.877974
-27.165231
-28.177406
-25.248696
-28.194942
-28.448691
-28.506053
-4.617200
-28.191683
-5.133414
-28.266350
-25.820789
-27.489340
-28.356503
-28.254781
-25.223249
-28.219155
-28.246860
-27.933108
-27.865805
-25.471498
-28.256285
-5.019297
-27.421466
-27.640131
-27.995176
-28.015859
-28.057166
-27.982041
-28.498781
-24.784599
-28.132572
-24.783677
-27.691286
-28.195008
-28.266039
-25.271491
-22.330016
-25.555390
-28.763926
-25.597180
-28.564421
-5.196881
-28.506831
-28.169801
-28.490325
-28.607185
-5.184423
-27.692858
-25.363098
-28.193652
-28.458923
-5.335626
-28.289275
-28.898998
-28.393737
-28.483056
-28.881031
-28.537176
-28.586579
-28.721727
-28.108755
-29.130347
-28.372883
-28.403639
-28.159136
-25.098395
-28.590729
-25.756214
-28.796042
-28.231401
-24.901235
-25.240110
-28.575607
-28.510315
-28.856796
-28.427662
-28.800106
-5.274143
-28.669455
-23.641990
-5.165191
-28.203660
-28.696906
-25.108425
-28.910024
-28.290074
-28.984191
-28.380899
-28.633133
-27.957209
-28.509621
-29.106920
-28.378974
-28.724627
-28.613256
-28.817402
-28.503072
-28.767326
-28.519296
-28.356704
-28.228158
-28.469486
-28.943067
-29.114363
-28.307287
-28.676077
-28.654494
-28.540510
-28.684583
-28.300508
-29.029900
-28.627682
-28.320290
-24.967091
-29.029482
-28.307392
-28.514734
-28.454885
-28.592113
-28.604440
-5.041780
-27.968511
-24.896725
-28.586269
-28.935345
-28.867427
-28.948717
-28.492871
-28.352871
-28.558470
-28.763158
-29.029346
-28.249420
-28.657222
-28.573272
-28.583109
-28.854760
-29.196134
-28.456747
-28.298608
-25.276128
-28.437373
-28.339990
-28.328463
-28.506769
-28.969473
-28.718287
-28.257530
-28.465312
-28.453173
-28.283159
-28.652789
-28.357888
-28.428416
-28.087839
-28.303190
-27.981593
-28.951299
-28.493445
-28.151634
-28.649404
-25.335975
-5.203594
-28.730785
-28.267048
-5.170307
-28.150288
-28.704221
-28.754245
-28.852462
-5.227997
-27.594505
-27.600517
-27.595653
-27.649740
-27.434879
-27.824607
-27.581952
-27.013150
-27.932596
-27.627201
-27.349847
-27.925891
-25.065202
-4.452857
-27.535450
-27.515597
-27.344215
-27.606461
-27.961527
-27.571429
-27.523642
-27.700952
-28.017263
-28.050876
-24.855063
-27.090381
-27.657418
-27.935156
-27.646164
-27.483124
-27.590841
-24.820017
-27.567267
-28.093452
-27.184163
-24.665692
-27.756647
-27.056565
-24.263713
-25.418797
-27.624415
-27.700400
-5.065532
-27.724420
-27.737421
-27.760528
-27.651537
-27.705416
-27.691072
-27.527730
-27.764482
-27.236098
-27.568885
-27.776516
-5.239653
-5.392687
-5.082739
-5.290323
-5.196584
-4.026596
-5.174076
-5.079969
-3.102017
-5.225921
-4.524478
-5.050604
-5.021672
-5.064841
-5.156255
-5.180948
-5.230803
-5.133668
-5.046340
-4.056347
-5.166067
-3.384333
-2.916911
-5.271340
-5.204102
-4.108488
-5.152886
-5.157647
-5.295077
-5.206184
-5.096627
-5.067148
-5.141857
-4.398956
-5.213826
-4.459812
-5.253438
-5.156543
-5.139943
-4.472416
-5.359692
-5.087990
-4.074630
-5.174773
-5.070843
-4.185600
-5.237107
-5.123880
-5.246560
-4.477089
-5.177025
-5.141514
-5.240240
-28.391984
-27.741141
-27.938893
-28.238168
-28.286432
-28.315616
-27.507805
-28.042214
-27.522761
-27.015031
-28.060456
-28.257642
-28.293726
-28.441638
-27.753075
-27.913151
-27.733826
-27.927263
-27.771560
-27.411726
-28.168379
-28.166530
-27.426872
-28.236710
-27.615595
-27.247301
-27.381888
-27.228783
-27.941872
-27.870230
-27.725984
-27.662877
-27.724384
-27.855382
-27.676966
-27.862356
-28.043223
-27.963919
-27.876897
-27.694908
-28.135714
-27.343065
-27.962213
-27.108556
-28.368113
-28.002536
-28.232501
-27.798015
-27.307199
-27.586373
-27.647226
-27.701165
-28.364454
-28.270833
-27.654819
-27.956638
-28.005694
-27.709078
-27.808852
-27.513454
-27.821573
-27.628132
-27.613066
-27.948369
-27.820234
-27.979489
-27.345000
-28.091157
-27.650344
-28.019397
-28.167350
-27.669099
-27.436468
-28.127421
-27.469651
-27.522445
-28.363687
-28.478934
-27.897380
-27.784505
-27.947938
-27.921443
-28.001838
-27.884416
-28.091641
-27.866872
-27.947351
-27.526173
-28.344463
-27.768075
-28.090312
-27.722683
-28.102541
-27.658129
-27.277251
-28.185843
-27.760758
-28.037011
-27.897014
-27.937405
-28.006072
-28.096904
-27.981390
-28.014329
-27.807871
-28.231221
-27.131953
-27.565269
-28.066690
-27.641209
-27.776895
-27.962460
-27.869885
-27.168554
-27.968036
-27.105458
-27.992943
-27.681564
-27.503552
-27.878416
-28.064804
-28.234898
-27.676970
-27.925349
-27.500040
-28.283153
-27.733730
-28.276785
-28.023828
-27.855192
-27.794894
-28.405767
-27.927263
-27.634583
-27.868034
-28.394669
-27.475887
-28.269548
-27.971077
-27.168910
-28.105685
-27.931267
-27.799323
-27.571114
-27.535464
-27.740751
-28.054081
-28.126737
-28.064387
-28.280105
-27.483045
-27.851864
-27.803830
-27.623106
-28.472296
-27.335481
-27.919535
-28.520283
-27.665940
-27.647637
-28.188694
-28.028901
-27.899045
-27.606188
-27.856902
-28.143849
-27.776262
-27.799426
-28.225587
-27.579790
-27.839070
-27.681298
-27.349266
-27.245088
-27.723667
-27.977609
-29.131391
-5.682564
-28.576317
-29.258907
-29.149040
-5.750163
-28.309730
-28.886366
-29.010737
-28.428127
-28.980870
-28.978752
-28.435705
-27.735207
-24.865271
-27.888145
-29.283531
-29.022462
-5.838155
-28.981335
-27.055425
-5.749167
-5.800598
-29.119115
-27.556492
-26.191752
-28.788927
-25.682630
-29.399656
-28.913245
-27.166450
-24.468894
-28.767458
-25.099277
-26.857489
-25.926888
-24.135319
-27.841905
-28.822519
-28.440219
-28.774437
-29.304521
-27.285601
-28.974639
-28.790378
-25.593707
-29.507011
-29.435789
-24.747600
-27.486709
-29.160328
-28.972946
-29.057724
-29.322288
-27.654157
-4.348292
-5.278550
-5.936813
-28.292250
-29.517520
-28.240153
-29.102706
-29.039559
-27.903291
-25.188191
-29.071070
-28.336421
-25.865438
-28.252664
-29.370547
-28.800070
-5.843515
-25.978714
-29.183964
-5.891176
-28.619763
-27.949162
-28.769072
-28.373974
-5.925123
-28.938986
-26.919580
-26.897590
-27.208905
-27.710997
-28.776786
-25.945540
-27.225855
-28.727689
-29.357308
-27.066178
-29.007964
-28.792995
-28.982176
-28.889091
-25.694470
-28.988388
-29.454114
-26.644008
-28.819167
-29.274088
-29.293207
-27.172630
-26.451946
-27.419438
-28.870718
-29.032599
-29.283027
-28.050711
-5.784411
-27.059924
-5.725499
-28.959230
-6.176285
-27.612891
-28.641340
-28.699260
-26.100811
-28.616847
-28.607508
-26.304102
-29.224695
-4.665042
-5.625980
-5.780455
-5.626518
-29.126789
-28.766498
-27.648433
-5.963308
-27.004657
-27.540933
-29.084700
-26.977545
-27.059564
-29.129760
-29.136423
-28.340013
-29.090086
-5.775420
-5.804523
-29.270191
-26.712899
-26.900745
-28.137378
-5.785495
-28.549625
-28.888522
-29.224236
-26.175312
-28.507943
-28.827036
-28.691915
-28.847621
-5.128062
-29.389340
-25.737965
-29.144345
-28.701351
-4.719767
-28.795230
-28.491241
-29.102196
-26.981982
-28.768907
-5.107836
-29.007753
-27.357300
-28.619224
-29.025082
-28.763208
-28.365686
-28.939390
-29.042607
-28.899740
-28.712133
-28.583663
-26.186130
-5.695031
-28.608627
-29.424407
-26.101780
-27.152183
-29.124257
-27.216339
-26.866109
-28.525730
-27.296549
-28.686942
-28.866453
-29.154735
-28.895388
-28.978487
-28.601583
-28.681523
-28.770160
-5.859765
-4.732755
-5.838984
-28.385332
-27.760441
-27.204652
-27.179725
-28.585166
-5.799503
-27.031747
-28.784201
-28.948963
-28.091058
-25.584066
-26.783777
-27.262627
-26.072806
-28.969337
-6.089847
-27.055515
-28.895216
-29.234423
-29.312789
-28.785551
-25.958533
-29.130315
-5.834969
-28.995887
-28.838675
-28.740097
-28.287440
-28.804477
-4.671691
-27.661075
-27.073451
-29.228240
-28.329200
-28.660262
-29.412723
-27.270388
-29.033918
-5.857701
-28.223500
-28.744002
-28.891385
-28.291663
-29.104568
-28.662561
-5.976215
-29.052133
-3.834902
-28.720959
-5.160824
-5.717154
-26.157751
-24.728263
-28.550517
-28.382179
-5.738700
-28.384053
-29.118010
-27.146344
-26.548344
-5.849475
-28.007142
-5.742259
-27.386694
-27.727946
-28.311682
-28.919721
-28.934524
-4.966189
-27.494141
-5.172418
-28.783004
-24.064359
-28.448503
-28.559284
-27.692275
-5.037855
-5.115132
-28.834342
-28.755875
-26.118491
-25.967249
-27.793047
-26.194294
-28.246439
-5.032318
-5.082932
-26.098137
-29.030228
-5.928348
-29.194665
-27.884235
-5.752730
-5.641853
-5.669091
-5.054475
-5.671687
-5.120764
-5.696142
-5.726290
-4.995411
-5.705736
-5.920595
-5.760960
-5.839283
-5.740781
-5.066076
-5.679617
-4.727313
-5.644404
-4.993788
-5.692670
-5.061277
-5.742198
-5.048210
-5.787497
-5.793207
-5.058115
-4.653296
-3.770941
-5.033294
-5.696583
-5.707866
-5.848300
-5.779164
-5.852742
-5.742600
-5.085861
-4.155352
-3.179370
-5.725825
-5.849038
-5.758875
-5.791048
-5.714706
-5.644564
-5.767253
-5.784278
-4.329855
-5.626169
-5.062760
-5.907842
-5.036483
-5.724084
-5.725728
-4.979636
-5.842817
-5.006283
-5.775227
-5.705289
-5.028600
-4.715720
-5.892570
-5.687829
-5.802541
-3.474586
-5.735250
-5.665383
-5.827308
-5.647244
-5.752241
-5.703873
-5.849614
-5.734842
-5.848108
-4.641322
-5.725262
-5.753116
-4.145062
-5.705968
-5.910758
-4.106452
-5.045956
-5.771138
-4.019809
-4.377452
-5.859305
-5.783525
-5.048975
-5.828965
-4.992928
-5.039811
-5.110942
-5.718572
-5.689912
-4.978330
-5.796158
-5.708324
-5.745518
-5.731782
-4.296521
-4.113962
-5.699687
-5.707334
-4.131610
-5.893703
-5.741748
-5.712979
-5.777747
-5.919970
-5.065057
-5.753487
-5.704183
-5.627296
-5.098823
-5.098546
-5.638121
-5.883311
-5.764048
-5.845290
-5.679972
-5.726824
-5.089979
-5.724593
-5.859324
-5.785063
-4.652882
-4.603291
-5.650580
-5.597561
-5.729172
-5.872125
-5.712850
-5.050483
-4.956796
-5.012376
-5.715609
-5.720535
-5.840007
-5.643632
-5.753362
-5.040584
-32.096453
-28.834888
-32.235930
-25.880262
-32.081566
-31.958620
-31.847280
-32.458980
-28.769090
-31.479214
-28.480640
-31.643531
-31.640131
-29.174002
-31.735004
-31.931809
-31.594741
-31.333080
-32.033200
-31.490863
-32.114097
-31.637297
-31.655447
-32.281153
-31.608978
-31.579383
-31.277507
-28.631997
-32.449620
-29.123006
-31.980497
-31.707214
-28.425652
-29.218756
-31.907529
-32.236032
-32.257633
-32.078163
-31.895596
-26.100580
-32.151926
-27.152242
-28.672941
-31.742914
-31.794090
-28.720951
-32.057592
-31.775689
-32.050847
-31.505272
-31.840555
-31.735725
-31.520246
-32.425172
-31.872133
-32.257874
-31.858225
-32.107932
-31.926679
-31.828946
-31.629513
-31.298525
-31.773404
-32.052809
-32.400301
-31.777303
-31.547570
-31.897864
-31.755872
-32.012191
-31.911061
-32.124862
-32.448477
-31.878877
-31.552887
-28.399388
-31.818323
-32.063112
-31.873002
-31.438942
-32.255987
-32.048566
-25.671349
-31.366507
-28.186107
-31.836514
-32.090834
-32.061768
-32.261667
-31.795762
-32.164355
-32.324362
-31.741272
-32.042245
-31.877008
-31.983470
-32.006195
-31.454371
-32.093753
-32.431659
-31.378455
-32.105491
-29.103565
-32.254237
-31.877724
-31.396555
-31.889854
-32.212749
-32.198089
-32.121235
-31.835573
-31.985657
-31.566634
-32.037983
-31.679309
-31.744392
-31.236226
-31.087554
-31.207251
-32.080283
-31.925813
-31.870808
-31.790985
-28.638413
-29.028037
-32.042877
-32.000797
-26.122941
-31.802222
-31.966754
-31.689173
-31.972573
-28.550701
-30.666293
-31.102291
-31.369277
-31.006494
-31.069804
-31.497827
-31.270821
-30.556005
-31.465484
-30.994927
-30.482836
-30.801640
-28.620613
-28.190834
-31.010580
-31.285594
-30.954634
-30.432415
-31.403193
-30.872804
-30.656886
-31.059972
-30.715627
-30.841436
-28.605247
-30.774819
-30.930855
-30.811969
-31.033665
-31.334343
-31.129825
-28.681777
-31.002277
-30.893330
-30.521937
-28.965518
-31.315764
-30.573223
-28.096833
-28.786896
-31.404814
-31.284667
-28.133037
-30.852750
-31.216432
-31.069304
-30.828994
-30.878184
-30.939666
-31.055134
-30.800007
-30.703491
-31.217094
-31.023151
-31.621732
-31.125252
-31.038044
-31.501972
-31.202988
-28.683018
-29.047538
-31.631933
-30.678319
-31.345416
-30.864944
-31.367412
-31.248558
-31.409746
-31.188045
-30.827828
-31.063142
-31.150247
-31.083657
-28.432831
-31.172746
-30.390101
-30.717138
-30.896437
-31.169937
-30.483561
-31.016732
-31.595227
-31.537525
-31.537387
-28.610155
-31.116038
-31.161232
-28.814216
-29.480355
-28.310170
-31.012284
-31.578265
-31.065614
-30.729680
-31.084478
-31.609951
-31.123993
-31.408598
-31.340462
-28.526848
-31.233362
-31.393586
-31.195949
-30.926764
-31.533875
-31.275784
-30.996524
-32.297555
-32.216473
-32.188338
-32.470336
-32.280819
-32.109725
-31.980041
-32.069629
-32.310343
-31.268796
-32.189000
-32.699345
-32.302620
-32.282172
-32.311747
-32.258174
-32.205542
-32.374883
-32.440887
-31.794921
-32.070473
-32.646208
-32.348513
-32.429405
-32.246418
-31.763096
-31.798231
-31.767420
-32.180578
-32.417404
-32.199100
-31.674331
-32.280771
-32.408818
-32.391780
-32.474075
-32.423833
-32.110196
-32.199287
-32.271611
-32.041762
-31.790182
-31.931323
-31.937097
-32.729373
-32.065780
-32.149886
-32.401009
-32.146765
-31.911512
-32.568886
-32.596228
-32.696022
-32.344492
-32.047904
-32.568666
-32.591430
-32.014740
-32.716758
-31.909674
-31.628519
-31.953169
-31.734051
-32.627249
-32.048402
-31.992494
-31.682961
-32.134881
-32.089248
-32.545852
-31.968545
-31.727201
-31.570655
-32.603163
-32.115623
-32.232569
-32.136618
-32.577841
-32.420225
-32.335511
-32.045800
-32.580542
-32.197633
-31.904525
-32.697608
-31.680072
-32.416816
-32.161641
-32.362597
-32.704798
-32.409057
-32.285121
-32.495613
-32.339446
-31.627445
-32.466414
-32.586767
-32.192947
-32.407848
-32.720600
-32.149133
-32.552370
-32.390932
-31.690437
-32.587298
-32.259368
-31.714235
-32.151357
-32.036438
-31.992856
-32.526777
-32.126127
-32.365243
-31.721276
-32.333369
-31.674975
-32.420499
-32.484513
-31.993012
-32.225560
-32.440076
-32.169572
-32.057521
-32.697385
-32.266072
-32.382012
-32.205338
-32.309212
-32.197691
-32.624161
-32.684153
-32.473540
-32.153671
-31.371337
-32.255069
-32.090273
-31.388725
-32.265381
-32.195852
-31.289734
-32.196071
-32.113893
-31.988927
-32.101449
-31.720574
-31.842204
-32.727412
-32.332592
-32.100568
-32.437647
-31.872749
-32.117446
-32.757472
-32.145501
-32.789346
-31.779207
-32.502025
-32.329042
-32.002470
-32.174340
-32.393845
-32.263555
-32.642995
-31.520210
-32.120976
-32.199532
-32.277180
-32.087425
-32.618713
-31.963906
-32.457519
-32.585174
-31.646685
-31.413038
-32.275939
-32.544729
-29.058725
-27.978989
-29.054973
-30.013017
-29.362624
-27.581151
-29.057434
-29.001432
-29.319903
-29.363547
-29.565535
-29.228722
-29.251379
-28.317934
-4.973362
-6.506815
-29.763275
-29.482921
-6.452943
-29.784152
-27.979161
-6.464627
-28.558640
-29.882782
-6.259599
-27.170141
-29.108856
-26.872888
-29.901136
-29.081870
-27.949953
-5.231757
-29.675639
-7.019865
-6.311669
-3.633538
-6.732352
-28.780383
-29.226946
-29.471850
-29.008241
-29.477912
-27.992443
-29.738562
-29.108490
-4.276639
-29.463113
-29.960583
-4.408111
-6.418903
-29.600356
-29.671682
-29.052739
-29.427477
-5.673240
-6.479840
-4.646117
-4.787786
-28.934891
-29.324203
-28.878080
-29.675850
-29.325809
-6.440487
-5.548895
-29.183876
-28.800859
-5.582515
-29.194727
-29.362504
-29.182251
-28.438333
-5.602128
-29.811893
-28.227353
-29.529445
-5.651253
-29.361943
-29.006379
-6.204676
-29.608421
-28.173574
-27.657891
-27.986666
-5.697134
-29.621520
-27.671019
-28.088558
-29.105837
-29.512675
-6.511031
-29.495352
-29.405239
-29.590168
-29.997027
-26.809068
-29.365439
-29.529005
-6.512754
-29.497389
-29.204345
-29.644250
-28.342503
-6.314198
-6.261218
-29.195328
-29.837083
-29.375832
-28.687278
-28.172495
-27.794779
-27.690078
-29.966681
-4.183599
-28.023148
-29.130509
-29.401580
-6.792424
-29.351292
-29.084172
-4.895543
-29.332593
-4.995830
-28.770294
-5.257422
-4.699399
-29.294324
-29.662864
-6.442498
-28.074676
-27.412026
-5.007277
-29.503805
-27.752352
-27.725703
-29.205758
-29.674425
-28.667059
-29.089090
-28.539434
-28.381217
-29.819582
-27.705175
-27.966071
-28.899938
-28.180125
-28.463453
-29.238157
-29.188665
-27.042970
-29.246207
-29.290907
-28.567178
-29.082009
-27.430424
-29.431320
-26.977612
-29.869420
-29.185778
-4.931635
-28.786924
-29.377418
-29.470251
-4.094360
-29.413125
-27.058752
-29.081242
-27.862589
-28.780336
-29.581934
-29.044661
-28.692935
-29.570347
-29.375235
-29.115533
-29.233337
-29.038980
-27.037748
-5.648841
-29.055536
-29.385555
-27.488252
-27.695760
-29.305628
-27.920076
-27.959696
-29.190066
-6.437831
-28.987715
-29.664255
-29.647439
-29.921285
-29.634990
-29.063041
-29.306505
-29.692386
-6.389408
-4.331681
-5.586150
-29.234952
-6.280887
-28.426275
-6.587716
-28.972003
-28.252738
-6.538073
-29.232501
-29.504932
-6.303700
-6.491731
-28.200301
-28.198153
-6.438845
-29.404362
-5.826105
-28.502402
-29.501013
-29.241667
-29.367710
-29.841395
-5.163296
-29.384596
-28.087307
-29.549444
-29.553719
-29.782870
-29.320247
-29.616922
-27.109434
-28.138585
-27.835166
-29.288306
-29.012549
-29.308412
-29.955836
-6.766258
-29.245045
-28.176839
-28.898101
-29.417486
-29.496047
-29.076996
-29.177081
-29.629304
-5.328285
-29.269838
-28.167576
-29.147874
-6.541619
-6.494468
-5.651934
-6.279253
-28.890713
-28.801707
-28.801957
-28.774877
-29.505782
-28.658120
-27.466730
-5.676577
-28.678149
-27.124176
-5.629424
-6.265394
-28.982681
-29.678130
-29.411894
-25.482823
-6.256403
-27.114589
-29.200868
-4.538838
-28.809947
-29.059326
-28.291259
-27.955584
-27.220223
-29.667901
-29.499905
-6.287889
-6.501748
-6.486976
-27.282190
-28.818342
-28.027887
-5.659127
-6.218349
-29.289036
-5.326206
-29.130449
-6.431065
-34.118906
-33.963426
-33.594329
-33.657392
-33.916076
-6.349843
-33.662478
-33.548957
-33.288534
-33.717834
-33.731854
-33.702661
-33.939802
-33.947868
-33.319103
-31.129029
-33.050967
-34.155982
-33.581271
-33.669175
-33.860360
-5.274972
-5.689787
-34.026539
-34.216525
-33.801630
-33.208270
-33.308325
-33.509517
-33.751907
-33.694111
-33.804587
-6.239068
-33.758101
-34.079267
-30.499816
-33.188946
-29.115781
-5.606629
-34.115576
-6.251743
-6.279074
-33.969930
-33.971399
-33.735931
-34.175448
-30.679664
-34.076971
-31.011305
-6.272264
-33.507747
-34.034029
-34.206027
-33.419034
-33.838358
-33.214123
-30.841331
-33.796573
-31.015049
-33.466424
-6.228652
-33.798644
-33.479021
-33.108260
-33.702568
-33.614348
-33.642887
-33.919055
-33.887622
-34.019294
-6.333513
-33.398931
-6.251763
-33.525262
-34.008824
-33.640377
-28.756850
-33.512564
-34.098091
-6.203680
-33.458644
-29.080795
-33.028257
-30.191172
-33.672350
-34.319265
-33.605762
-5.558198
-33.586545
-31.242624
-33.422405
-33.384879
-34.113404
-33.612170
-6.328935
-4.713538
-34.289144
-33.483689
-33.279204
-33.028306
-30.939147
-33.499442
-33.294395
-33.850117
-31.436362
-33.985439
-33.930051
-34.184563
-30.425947
-34.136333
-29.045014
-33.725951
-30.981917
-33.876501
-33.616240
-33.902276
-6.288175
-33.530954
-34.233331
-33.953650
-33.579210
-5.687717
-33.788358
-6.223040
-33.679224
-33.608860
-33.660534
-33.771366
-33.849666
-34.151477
-33.941372
-30.570720
-33.169220
-30.380836
-33.656570
-34.170464
-33.887697
-6.295472
-5.276900
-31.159320
-34.344824
-5.222929
-33.934544
-6.177599
-34.349602
-33.909186
-34.364015
-34.606709
-30.329169
-33.462417
-30.129702
-33.859135
-34.142624
-30.564416
-33.776718
-34.271063
-33.916715
-34.113144
-33.975230
-33.731939
-34.232681
-34.005182
-33.801603
-34.063005
-33.831101
-33.695519
-34.146100
-30.880722
-34.258749
-30.671512
-34.351967
-34.167913
-30.564876
-6.363173
-34.168462
-34.247640
-34.042029
-33.946709
-34.337798
-6.476353
-33.970038
-5.700067
-30.256899
-33.887349
-34.293151
-6.308987
-34.464780
-33.950572
-34.058265
-33.851788
-34.738210
-33.878987
-34.203699
-34.463288
-33.689581
-34.059252
-33.955903
-34.565449
-34.583428
-34.027332
-34.388136
-33.901563
-33.388892
-34.314534
-34.240283
-34.386955
-34.067841
-34.236856
-34.551203
-34.059295
-33.935271
-34.147594
-34.421665
-33.799286
-34.129828
-30.229632
-34.635867
-34.233308
-34.115087
-33.793488
-34.217697
-34.066264
-4.976712
-33.436876
-30.160215
-34.366924
-34.298418
-34.116624
-34.483269
-33.841217
-33.745231
-34.519174
-33.941482
-34.434237
-33.867260
-34.488476
-33.949433
-33.745729
-34.000726
-34.708048
-33.894577
-33.843474
-5.577602
-34.180228
-34.190581
-33.672438
-34.200338
-34.188329
-34.304607
-34.013946
-34.312795
-33.899241
-33.946855
-34.265174
-34.139941
-33.803552
-33.841910
-33.490680
-33.341289
-34.496557
-33.947385
-34.117915
-33.956001
-30.304925
-30.422126
-34.077880
-33.725636
-6.203856
-33.820205
-34.052211
-34.103598
-33.868885
-30.426040
-32.866651
-32.841834
-32.988393
-32.750564
-32.910706
-32.653164
-33.030306
-32.588301
-33.021111
-32.833504
-32.543960
-32.797458
-5.640743
-30.057690
-32.804878
-32.542488
-32.356341
-32.344042
-32.706350
-32.944018
-32.638926
-32.708001
-32.705552
-32.691595
-6.321001
-32.341789
-32.682057
-33.041799
-32.932456
-32.699108
-32.947867
-6.329762
-32.543051
-32.633940
-32.353101
-6.377880
-32.666179
-31.906323
-4.664383
-6.296797
-32.637930
-33.073926
-29.938625
-32.391917
-32.628698
-32.701787
-32.713755
-32.980195
-33.088490
-33.014396
-32.664096
-32.912804
-32.996521
-32.898648
-32.733902
-32.362393
-32.614415
-32.500398
-32.697550
-6.166696
-4.998902
-32.579269
-32.067532
-32.503379
-32.416931
-32.923302
-32.307279
-32.760725
-32.239650
-32.106422
-32.397264
-32.197112
-32.415539
-6.251763
-32.856743
-31.845359
-31.646653
-32.504119
-32.465356
-31.919506
-32.466490
-32.971690
-32.957814
-32.509824
-5.604390
-32.696420
-32.835864
-6.215906
-6.343642
-5.218026
-32.527535
-33.020375
-32.516558
-32.365354
-32.566134
-32.490289
-31.758277
-32.692198
-32.405329
-6.269048
-32.527015
-32.373206
-32.862835
-32.261713
-32.595426
-32.571101
-32.353340
-6.233528
-5.707100
-6.508980
-6.255129
-6.514940
-6.392156
-5.574659
-6.340990
-5.636409
-3.409823
-6.352605
-6.360467
-6.217886
-6.361493
-6.201777
-5.542358
-6.484740
-6.505938
-6.437121
-4.938336
-6.443507
-6.341032
-5.534060
-6.459520
-5.649832
-5.218837
-4.866078
-5.021670
-6.331689
-6.389406
-6.313553
-5.249104
-6.296572
-6.282098
-6.391970
-6.326535
-6.253178
-6.296165
-6.297692
-6.410844
-6.306010
-5.147816
-6.342086
-4.102068
-6.502570
-6.312816
-6.221128
-6.292445
-5.225410
-3.925948
-6.255997
-6.194737
-6.404690
-6.304429
-6.302998
-6.463125
-6.254929
-5.593008
-6.152506
-5.531021
-5.257467
-6.335904
-4.879952
-6.340469
-5.569143
-6.428935
-5.651768
-6.420623
-5.583356
-6.323341
-6.210153
-5.558762
-5.206489
-6.179447
-5.727744
-6.335129
-6.206223
-6.328664
-6.370999
-6.446527
-6.231013
-6.270422
-6.409738
-5.662680
-6.330872
-5.556959
-6.292784
-5.715978
-6.317961
-6.197607
-6.331666
-5.596690
-6.289618
-6.306239
-4.732203
-6.340681
-6.452640
-6.278485
-6.477842
-6.330024
-6.240539
-6.276566
-6.331868
-5.556449
-6.276682
-6.173257
-4.770256
-5.251170
-6.221377
-5.718628
-6.294071
-6.430760
-6.208385
-4.921286
-6.269733
-4.683302
-6.300757
-6.241873
-5.173166
-5.717021
-6.389379
-6.336650
-6.440057
-6.327765
-5.692461
-6.307862
-6.305360
-6.302012
-6.177448
-6.265206
-6.270129
-6.253709
-6.305950
-4.546189
-6.274630
-6.331367
-4.412832
-6.370017
-6.324138
-4.072827
-6.413144
-5.542512
-5.188965
-5.651289
-5.616296
-5.738689
-6.459844
-6.293446
-6.266737
-6.436619
-5.616103
-6.332496
-6.417531
-6.398851
-6.274839
-5.563535
-6.232428
-6.303290
-6.187235
-6.279878
-6.355002
-6.242737
-6.298232
-4.490106
-6.387915
-6.361489
-5.673931
-6.163519
-6.169489
-5.612871
-6.329111
-6.384255
-5.602693
-4.762416
-6.179730
-6.333461
-24.917682
-23.033564
-24.682225
-24.979507
-25.120612
-5.361105
-24.693829
-24.694911
-24.629909
-25.036905
-24.761569
-25.173650
-24.417976
-23.166817
-21.026112
-23.214117
-25.240181
-24.812599
-4.228249
-24.926751
-23.603211
-21.210214
-23.524287
-24.940044
-23.415497
-21.648144
-25.076096
-22.059575
-25.330381
-25.208280
-5.292704
-5.343450
-24.765800
-20.813648
-22.163002
-21.712366
-4.256450
-23.394383
-24.583011
-24.922325
-24.436325
-24.731688
-23.417157
-25.113890
-24.471804
-3.518265
-24.928221
-25.372908
-4.561559
-23.203572
-24.862188
-24.739404
-24.841178
-25.245679
-23.433634
-21.031901
-4.692398
-4.119722
-24.440057
-25.180619
-24.493786
-24.954469
-25.347122
-23.544791
-4.741473
-25.126094
-24.742740
-21.668959
-24.606352
-24.769591
-25.201169
-23.430982
-21.576254
-25.253159
-23.707118
-24.892307
-23.409311
-24.846907
-24.704656
-5.155275
-24.769797
-22.880395
-5.329844
-5.252079
-23.182083
-24.859353
-4.515442
-23.118746
-24.849902
-25.232509
-22.959448
-25.344423
-24.585674
-25.307519
-25.167538
-4.595918
-24.634239
-25.509888
-22.617796
-24.934888
-25.114593
-25.159207
-23.783519
-22.338470
-23.056378
-24.613165
-24.944370
-24.664681
-24.075022
-23.012376
-23.300770
-22.765337
-24.963031
-3.223553
-23.350810
-24.793679
-25.075132
-22.059881
-24.735778
-24.586931
-21.994370
-25.022531
-4.122491
-23.106964
-3.654803
-5.234022
-25.395568
-24.926697
-23.244120
-22.675006
-4.634845
-23.504110
-25.232470
-5.296180
-5.245530
-24.942069
-24.871034
-24.138917
-24.759975
-23.249400
-23.408549
-24.958303
-4.751960
-5.239582
-24.119508
-23.323091
-23.999464
-25.365945
-24.798828
-21.560531
-24.446020
-25.051589
-24.241438
-24.651198
-22.428351
-24.975376
-21.799347
-25.237765
-24.452812
-5.113200
-24.758093
-24.488084
-24.873075
-23.087423
-24.789636
-21.608671
-24.785546
-22.958212
-24.830999
-24.649850
-24.909749
-24.656952
-24.601935
-24.926645
-24.875080
-24.786838
-24.911987
-22.081065
-5.225172
-24.723886
-25.239952
-5.273713
-5.367430
-25.286064
-22.630572
-4.555668
-24.452478
-23.302127
-24.293100
-25.003128
-25.196930
-25.009311
-25.532958
-24.537472
-24.839004
-24.515609
-5.198148
-20.322848
-4.670851
-24.105428
-23.569804
-23.639045
-23.250353
-24.473125
-23.166333
-22.772260
-24.600683
-24.995708
-23.578094
-5.266210
-4.703936
-23.612501
-5.208458
-24.850610
-3.671998
-5.147279
-24.815518
-24.863029
-24.751261
-24.776653
-4.132534
-24.889868
-23.295238
-24.903562
-24.784815
-25.300627
-24.318826
-24.607999
-21.900219
-23.325271
-22.803186
-25.246019
-24.863341
-24.983645
-25.269697
-22.981182
-24.717966
-23.034751
-24.765915
-24.741080
-24.616036
-24.408999
-25.232421
-25.121494
-4.656850
-25.029201
-23.237332
-24.756353
-4.732486
-22.349806
-22.233380
-5.257316
-24.847000
-24.431436
-23.461183
-24.406401
-25.209186
-23.039115
-5.321108
-21.690526
-23.505339
-22.440249
-23.443291
-23.160916
-24.279301
-24.967486
-25.238020
-4.686551
-23.190951
-21.868544
-25.057873
-5.434703
-24.507497
-24.162470
-23.321276
-23.024065
-21.709431
-24.825544
-24.781306
-22.233991
-22.198392
-23.806829
-5.289204
-24.314652
-23.092073
-5.304318
-5.252661
-24.840629
-20.650748
-25.088869
-23.552250
-28.029523
-27.924133
-27.659350
-27.656238
-27.730350
-23.285239
-28.069950
-27.960042
-27.460458
-28.140876
-28.014922
-27.476936
-27.870414
-27.678135
-27.343917
-25.041496
-27.174157
-28.072466
-27.355102
-28.230907
-27.300888
-4.631606
-5.126014
-28.253975
-27.863208
-27.578619
-27.396987
-26.806107
-27.144718
-27.563632
-27.645057
-27.942376
-23.456235
-27.683071
-28.015273
-4.558702
-27.291433
-5.309197
-4.649962
-27.789120
-24.985010
-4.591075
-28.025883
-27.884010
-28.106368
-28.249718
-24.461244
-28.146089
-25.193591
-23.221255
-27.357023
-27.906293
-27.701928
-27.118020
-27.986314
-27.259590
-5.288632
-27.621734
-24.418376
-27.131064
-24.774094
-27.998940
-27.815260
-27.340545
-27.818038
-27.771878
-27.956148
-27.895814
-27.690698
-27.583309
-23.068051
-27.933972
-23.850684
-27.378644
-27.545875
-28.055232
-5.208033
-27.743723
-27.752620
-5.489332
-27.759401
-5.217712
-26.997488
-5.248442
-27.723369
-28.199437
-27.400922
-22.950932
-27.118979
-24.914749
-27.684960
-27.598022
-27.523236
-27.309775
-22.058936
-23.270415
-27.703567
-28.026892
-27.593899
-27.382540
-24.790511
-28.113188
-27.284951
-27.800570
-24.971464
-27.958218
-27.721460
-27.953476
-24.793954
-27.890326
-5.292640
-27.900851
-24.783144
-27.539533
-27.558266
-27.642271
-25.198533
-27.623024
-27.829156
-27.628790
-27.302807
-24.917133
-28.022139
-23.666936
-27.406763
-27.068927
-27.582585
-27.580489
-27.872991
-27.659572
-28.118805
-5.312512
-27.770965
-5.167697
-27.719523
-27.842258
-27.690722
-25.251372
-4.614207
-24.635826
-28.123791
-24.646793
-28.071469
-5.276010
-28.115376
-27.535191
-27.920368
-28.484282
-25.174839
-27.046379
-4.685188
-27.825054
-27.877889
-25.224298
-27.768776
-28.302077
-28.207905
-27.570598
-28.104178
-27.631150
-27.998176
-27.579588
-27.856796
-27.884939
-27.548209
-27.546190
-27.611987
-5.295533
-28.263469
-5.296637
-27.733921
-27.705781
-4.538461
-24.951310
-28.196189
-28.256473
-27.992893
-27.903921
-28.457290
-4.628152
-28.089446
-5.203708
-24.939910
-27.688357
-28.433285
-24.981121
-28.428304
-27.629446
-28.506108
-27.550108
-28.246797
-27.545245
-28.018523
-28.318103
-27.932122
-27.786605
-27.961291
-28.211890
-28.336475
-27.871650
-28.318080
-27.436319
-27.763233
-27.690880
-28.092063
-28.204873
-27.734181
-27.945043
-28.277792
-28.468214
-27.975626
-27.685294
-28.509109
-27.744068
-27.583705
-5.423776
-28.135492
-27.887296
-28.401904
-27.850073
-28.066084
-27.814204
-5.281945
-27.884286
-4.672361
-27.955975
-27.814410
-27.733756
-28.060939
-27.793562
-27.864688
-28.178106
-27.922499
-28.329401
-27.783855
-28.013620
-28.043101
-27.589145
-28.261678
-28.494039
-27.512608
-28.264919
-25.066658
-27.852418
-27.728112
-27.523057
-28.034460
-28.194117
-28.354670
-27.948347
-28.457273
-27.819935
-27.711687
-28.334886
-28.041035
-28.122371
-27.699297
-27.502627
-27.223787
-28.112436
-28.510833
-27.506597
-27.633332
-4.571495
-25.223076
-28.515393
-27.799874
-4.147325
-28.001009
-28.023892
-27.869937
-28.105911
-24.786883
-5.214050
-5.349379
-5.261268
-5.368087
-5.377344
-5.266821
-5.284478
-4.626060
-5.361183
-5.288131
-4.643867
-5.327544
-4.598237
-5.358072
-5.215007
-5.354934
-4.595476
-4.710765
-5.405611
-5.391546
-5.205781
-5.442395
-5.274429
-5.183349
-4.579585
-4.613719
-4.548951
-5.193571
-5.366676
-5.395170
-5.205513
-4.505523
-5.409472
-5.359944
-4.529899
-4.655230
-5.199074
-3.759873
-4.235026
-5.233473
-5.392431
-5.427159
-5.436763
-5.234876
-5.243556
-5.228979
-5.192348
-5.318530
-5.299155
-5.175759
-5.429329
-4.628293
-5.399496
-5.306336
-27.895483
-27.731768
-27.467935
-27.875362
-27.275609
-24.857175
-24.942710
-28.011497
-27.027477
-27.694859
-27.002847
-27.710255
-27.348334
-27.685427
-27.791131
-27.450899
-27.775392
-27.401272
-27.317683
-24.923785
-27.516508
-26.789627
-26.640391
-27.474405
-27.203603
-27.425708
-27.356476
-27.760179
-27.726778
-27.579882
-24.490001
-27.610104
-27.474096
-24.421260
-24.927483
-24.132499
-27.859952
-28.055345
-27.298946
-27.349248
-27.544947
-27.356129
-27.095670
-27.447553
-27.884681
-24.374822
-27.711195
-27.567780
-27.351266
-27.271145
-27.451289
-27.495019
-27.439644
-27.773485
-27.427996
-27.624830
-27.599552
-28.033246
-27.503523
-27.763010
-27.497751
-27.755282
-26.998313
-28.217660
-27.791714
-27.527790
-27.831441
-27.846369
-27.206428
-27.467935
-27.540787
-28.046502
-27.281003
-27.993238
-28.041751
-27.465994
-27.704184
-27.608243
-26.990428
-27.016296
-26.951695
-27.718449
-27.583419
-27.918445
-27.626223
-27.659524
-27.548297
-27.733371
-27.827544
-28.187380
-27.744691
-27.913788
-27.939480
-27.566232
-27.095469
-27.421855
-26.726536
-27.538592
-27.990901
-28.150904
-28.107671
-27.533925
-26.798851
-28.033479
-27.433168
-27.913658
-28.110999
-27.962554
-27.602370
-27.753990
-27.733268
-27.859865
-27.440152
-27.591398
-27.468908
-26.942873
-27.595686
-27.315422
-27.569017
-27.228552
-27.691258
-27.704424
-27.510822
-27.948551
-27.247656
-27.317919
-28.038601
-27.624406
-27.929367
-27.557529
-27.716320
-28.098520
-27.892571
-27.576428
-27.926094
-27.521015
-27.243227
-27.715055
-27.577015
-27.555719
-27.673971
-28.060624
-27.435970
-27.515936
-27.252833
-27.695143
-27.847619
-26.808664
-28.185103
-27.620471
-28.129316
-28.014241
-28.044668
-27.939631
-28.012010
-28.000312
-27.415216
-27.983412
-27.604313
-26.819237
-27.400546
-27.741372
-27.385567
-27.961966
-27.708077
-27.474088
-27.461143
-27.632364
-27.441979
-27.888819
-27.875422
-26.914704
-27.632023
-27.712645
-27.753799
-28.009281
-28.252830
-27.122687
-27.717721
-27.591152
-27.736803
-27.786701
-28.139839
-28.036478
-27.588811
-28.067473
-27.127416
-27.588860
-27.537427
-26.792464
-27.764550
-27.396317
-26.876119
-27.535312
-27.374369
-27.238106
-27.192001
-27.155877
-27.154802
-27.754931
-27.440434
-27.787868
-27.893966
-27.684563
-27.633940
-28.067362
-27.711551
-28.246037
-27.306775
-27.908783
-27.664654
-28.072472
-27.741177
-27.502464
-28.146068
-27.613829
-26.856426
-27.469062
-28.082378
-27.234107
-27.717499
-27.443830
-27.260364
-27.861170
-27.591975
-27.057594
-27.175274
-27.544293
-27.907294
-29.471264
-28.187658
-29.429313
-29.891214
-29.611599
-27.420422
-29.494628
-29.861620
-29.961808
-29.336234
-29.516734
-29.745198
-29.638510
-29.011602
-4.987245
-6.239561
-29.743884
-29.610962
-6.410402
-30.293380
-28.348957
-6.279095
-28.324792
-29.664647
-6.479366
-27.293693
-29.368833
-27.365251
-29.785833
-29.948738
-28.636022
-5.231373
-29.915470
-6.953634
-6.422317
-3.602308
-6.523885
-29.013946
-29.301408
-29.515651
-29.419617
-29.769108
-28.136540
-29.622471
-29.196751
-4.321995
-29.862244
-29.714293
-4.355591
-6.417141
-29.955956
-29.542814
-29.236966
-29.881142
-5.616877
-6.494756
-4.615918
-4.731587
-29.315616
-30.018492
-29.126112
-29.836994
-30.004883
-6.293085
-5.753603
-29.763515
-29.492027
-5.713147
-29.090819
-29.574924
-29.457805
-28.734060
-5.745528
-29.630559
-28.878927
-29.369231
-5.637994
-29.383355
-29.017323
-6.566369
-29.803553
-28.541749
-28.494084
-28.263457
-5.594962
-29.813884
-27.319465
-28.705145
-29.492776
-29.514456
-6.439670
-29.870928
-29.906215
-29.970496
-29.706138
-27.266138
-29.276202
-29.960661
-6.238344
-29.335593
-29.855136
-29.695466
-28.160986
-6.541918
-6.477269
-29.811458
-29.628461
-29.699068
-29.369686
-28.030554
-28.060699
-28.282405
-29.920304
-4.211321
-28.583696
-29.270197
-29.356145
-6.696253
-29.772653
-29.839991
-4.984004
-29.814578
-5.000450
-28.528804
-5.209284
-4.727427
-29.756329
-29.929688
-6.291325
-28.472385
-28.130868
-4.874753
-29.954929
-28.356894
-27.964752
-29.630249
-29.598092
-29.082152
-29.459499
-28.324796
-28.544851
-29.930769
-28.062865
-28.632322
-28.938854
-28.980350
-28.885799
-29.512842
-29.897528
-26.916966
-29.283150
-29.481309
-28.885620
-29.348644
-28.146880
-29.508703
-27.548890
-29.859964
-28.872753
-4.978319
-29.177863
-29.809681
-29.649713
-4.158998
-29.796260
-27.355312
-29.799596
-28.382184
-29.552966
-29.442437
-29.515748
-29.022375
-29.318501
-29.829901
-29.315248
-29.656607
-29.476249
-27.137738
-5.647400
-29.062136
-29.981649
-27.937869
-28.475404
-29.499474
-28.283284
-27.844055
-29.672926
-6.512787
-28.914030
-29.346089
-30.221622
-29.849767
-29.747113
-29.292491
-29.494517
-29.942992
-6.351403
-4.433962
-5.709505
-28.973423
-6.453583
-28.548117
-6.273889
-29.667778
-28.290491
-6.311412
-29.666107
-29.757185
-6.427303
-6.476925
-27.839490
-28.462597
-6.297158
-30.015579
-5.770457
-28.585117
-29.579224
-29.995463
-30.072234
-29.767409
-5.303862
-30.079725
-28.619098
-29.329891
-29.691427
-30.029590
-29.146136
-29.678712
-27.845191
-28.144379
-27.675469
-29.534759
-28.990567
-29.964687
-30.147796
-6.831762
-29.762118
-28.339930
-28.934924
-30.058226
-29.367363
-29.519304
-29.912143
-29.450448
-5.293784
-29.799704
-28.195898
-29.617866
-6.429928
-6.251448
-5.693349
-6.467917
-29.359077
-29.510733
-28.509491
-29.036954
-30.130690
-28.868826
-27.770949
-5.615869
-29.149335
-27.387886
-5.659861
-6.472174
-29.231108
-30.168472
-29.818410
-26.369725
-6.483303
-27.525863
-29.999520
-4.555731
-29.502957
-28.933111
-29.080266
-28.542742
-27.495330
-29.664074
-29.776431
-6.575395
-6.460511
-6.254910
-27.564697
-29.422134
-28.661878
-5.634663
-6.536164
-29.450263
-5.284125
-29.407380
-6.301192
-33.874795
-33.722792
-33.904503
-34.097290
-33.878580
-6.279819
-34.207615
-33.874754
-33.916535
-34.113488
-33.895297
-33.727897
-34.013417
-34.136617
-33.512718
-31.244358
-33.582216
-34.340528
-34.033623
-34.042531
-33.453362
-5.158024
-5.556600
-34.190999
-33.996154
-33.936920
-33.511846
-32.976405
-33.522900
-33.757793
-33.668658
-34.014060
-6.392485
-33.906615
-33.997350
-30.214116
-33.524310
-29.087057
-5.634332
-34.120118
-6.378066
-6.351334
-34.247785
-34.230474
-33.824111
-33.785240
-31.206405
-33.975860
-31.402139
-6.355216
-33.987713
-33.962175
-34.225361
-33.373005
-33.669788
-33.797520
-31.074043
-34.237068
-30.958326
-33.321040
-6.404771
-34.144611
-34.271507
-33.426033
-34.235363
-33.788875
-33.865558
-34.194405
-33.792682
-33.595414
-6.293132
-33.687784
-6.377849
-33.565213
-34.213903
-34.146152
-28.938842
-33.735592
-33.940286
-6.440676
-33.671608
-28.846616
-33.287605
-30.225458
-34.296814
-33.918363
-33.636278
-5.685381
-33.631109
-31.097047
-33.515299
-34.156306
-33.800209
-33.953730
-6.298740
-4.694342
-34.214674
-33.868066
-33.143172
-33.377794
-31.411595
-33.706854
-33.606249
-34.088919
-31.611132
-34.133905
-34.091313
-34.082208
-30.248475
-34.304752
-28.828496
-33.862914
-31.038179
-33.742559
-33.919492
-34.212507
-6.338531
-34.009245
-34.209943
-33.641057
-33.868270
-5.556579
-34.041578
-6.412952
-33.869305
-33.229102
-34.248253
-33.928500
-33.972927
-34.283898
-34.128471
-30.572967
-33.462393
-30.602862
-34.136312
-34.041659
-33.833197
-6.330953
-5.156098
-31.126932
-34.257530
-5.205636
-34.187009
-6.471420
-34.288708
-34.160575
-34.467911
-34.476747
-30.930890
-33.594172
-30.513048
-34.434014
-34.568920
-30.615016
-33.752939
-34.494614
-34.125307
-34.367764
-34.470408
-34.403123
-34.723191
-34.427298
-34.097105
-34.378052
-34.286181
-34.141892
-34.416191
-30.493245
-34.336563
-30.972355
-34.317415
-34.475544
-30.615646
-6.265284
-34.584106
-34.342715
-34.252243
-34.258842
-34.317953
-6.177194
-34.804897
-5.546154
-30.357870
-34.229764
-34.311015
-6.317030
-34.511502
-34.091265
-34.809133
-34.262438
-34.688122
-34.222322
-33.973013
-34.746086
-33.982659
-34.277541
-34.450711
-34.780387
-34.651810
-34.196193
-34.420102
-34.029519
-34.005060
-34.012076
-34.430771
-34.592586
-34.080667
-34.249387
-34.766417
-34.523916
-34.536045
-34.447259
-34.752102
-34.321202
-34.492877
-30.544902
-34.984760
-34.219847
-34.606306
-33.971236
-34.158559
-34.494270
-4.878890
-33.900550
-30.362679
-34.817054
-34.691052
-34.042789
-34.353214
-34.744420
-34.639239
-34.339374
-34.199186
-34.671963
-34.233892
-34.747459
-34.406032
-34.068427
-34.191018
-34.766999
-33.980517
-34.409779
-5.663360
-34.121390
-34.703441
-34.425247
-34.260034
-34.669693
-34.099394
-34.670883
-34.181016
-34.401447
-34.659766
-34.511052
-34.160289
-33.952887
-33.766618
-34.140372
-33.630004
-34.610590
-34.719099
-33.901283
-34.414986
-30.603936
-30.517536
-34.736916
-34.189583
-6.441690
-34.000593
-34.696847
-34.703972
-34.660911
-30.515868
-32.565620
-32.512245
-32.863621
-32.799904
-33.077726
-33.002868
-32.693778
-32.383699
-32.766106
-32.703469
-32.337768
-33.223542
-5.600725
-30.182559
-33.268020
-32.762677
-32.323516
-32.539716
-33.283494
-32.990554
-32.900795
-33.397892
-32.990286
-32.793800
-6.308162
-32.470961
-32.654040
-32.810672
-33.090777
-33.221374
-33.153992
-6.299702
-32.624608
-33.258815
-32.672063
-6.255285
-33.320721
-32.197037
-4.744587
-6.330655
-32.958567
-32.667220
-30.259922
-33.020013
-33.162281
-32.882000
-32.780114
-32.748015
-32.867197
-32.759713
-32.888982
-32.906608
-32.858758
-33.102256
-32.926556
-32.521341
-32.672905
-32.564763
-32.619837
-6.489323
-4.859617
-32.800388
-32.260661
-32.824926
-32.298345
-32.740886
-32.538824
-32.855143
-32.485553
-32.312100
-33.033881
-32.448943
-33.066301
-6.383227
-32.593908
-32.509644
-32.123113
-32.786543
-33.000246
-32.095957
-32.715486
-32.632031
-32.542314
-32.626336
-5.635785
-33.205189
-32.885074
-6.423403
-6.284664
-5.211407
-33.014877
-32.649758
-32.613329
-32.769706
-32.813525
-32.674909
-32.135968
-32.878084
-32.812453
-6.363897
-33.270876
-32.814283
-32.832739
-32.224261
-32.925176
-32.868800
-32.671927
-6.398739
-5.540058
-6.150119
-6.373995
-6.146001
-6.240060
-5.666845
-6.285908
-5.603630
-3.435477
-6.275101
-6.267925
-6.417391
-6.266999
-6.437289
-5.703275
-6.167296
-6.152236
-6.203217
-4.915241
-6.198226
-6.285867
-5.713048
-6.185948
-5.590889
-5.209948
-4.990790
-4.840464
-6.294732
-6.242415
-6.312417
-5.181005
-6.329561
-6.344652
-6.240223
-6.299695
-6.376184
-6.329981
-6.328414
-6.224381
-6.319959
-5.285207
-6.284875
-4.129545
-6.154590
-6.313150
-6.413475
-6.333820
-5.203515
-3.904404
-6.373027
-6.446216
-6.229484
-6.321556
-6.323004
-6.183231
-6.374221
-5.647227
-6.502913
-5.716672
-5.173305
-6.290714
-4.975399
-6.286394
-5.672893
-6.209706
-5.589081
-6.216387
-5.657453
-6.302792
-6.426856
-5.684460
-5.222261
-6.466101
-5.523022
-6.291452
-6.431725
-6.297639
-6.258479
-6.195883
-6.401696
-6.357154
-6.225295
-5.579000
-6.295517
-5.686499
-6.333466
-5.532653
-6.308059
-6.442557
-6.294758
-5.643377
-6.336753
-6.319733
-4.675851
-6.286197
-6.191180
-6.348487
-6.172315
-6.296329
-6.390578
-6.350537
-6.294564
-5.687075
-6.350411
-6.474354
-4.641380
-5.179091
-6.413172
-5.530464
-6.332140
-6.208248
-6.429041
-4.932082
-6.357903
-4.724072
-6.325285
-6.389043
-5.257069
-5.531789
-6.242437
-6.290005
-6.200915
-6.298504
-5.552535
-6.318097
-6.320619
-6.324005
-6.468752
-6.362837
-6.357472
-6.375588
-6.320022
-4.497011
-6.352615
-6.295041
-4.323577
-6.259353
-6.302022
-4.160323
-6.222489
-5.703094
-5.240270
-5.589528
-5.623362
-5.514244
-6.185700
-6.332781
-6.361162
-6.203616
-5.623557
-6.293961
-6.218900
-6.234382
-6.352386
-5.679112
-6.400028
-6.322707
-6.455883
-6.347006
-6.272903
-6.388047
-6.327861
-4.553131
-6.243695
-6.267000
-5.568827
-6.487580
-6.479436
-5.626802
-6.297208
-6.246855
-5.637165
-4.648281
-6.465728
-6.293037
-30.880876
-30.119777
-31.006491
-31.911822
-31.408301
-29.653088
-31.132224
-30.950590
-31.292387
-30.862209
-31.262375
-31.176019
-31.227172
-6.003505
-5.355857
-30.822087
-31.676589
-31.340759
-6.054685
-31.247207
-30.249342
-4.880522
-29.910127
-31.635476
-30.952747
-5.311135
-31.541351
-6.086131
-31.667265
-31.289333
-30.216691
-6.008303
-31.270396
-4.438157
-6.005555
-28.803805
-3.911765
-5.291247
-31.539045
-31.361968
-30.620628
-31.230483
-30.049629
-31.567379
-31.139494
-28.659542
-31.589584
-31.505871
-4.372536
-30.569060
-31.330275
-31.239948
-31.063252
-31.319102
-30.737992
-4.908277
-28.127167
-5.382826
-30.703838
-31.652157
-30.759271
-31.588970
-31.365274
-30.364175
-5.293222
-31.281819
-30.804363
-6.006866
-30.872592
-31.281063
-31.087631
-30.064970
-29.661781
-31.341209
-30.483346
-31.395782
-30.889534
-31.058603
-30.938951
-6.009256
-31.585375
-6.126382
-29.838880
-30.056928
-30.692821
-31.164327
-6.005523
-6.042838
-31.412566
-31.423556
-30.156611
-31.198354
-31.057250
-31.310447
-31.783657
-6.087342
-31.048277
-31.767460
-6.005577
-31.302289
-31.412915
-31.755026
-30.456686
-5.312333
-30.731588
-31.605019
-31.689568
-31.100375
-30.651661
-30.144864
-30.553008
-29.977053
-31.577202
-6.669554
-4.180073
-31.233850
-31.567683
-6.276246
-31.596113
-31.116630
-5.292418
-31.738609
-4.940215
-30.316667
-4.882200
-6.009856
-31.323407
-31.118310
-30.537354
-29.933282
-29.783465
-30.214345
-31.305453
-30.018143
-29.807327
-31.594648
-31.209766
-30.657087
-31.359084
-30.008563
-30.602889
-31.604984
-30.052283
-29.885596
-30.678098
-30.201995
-30.324972
-31.764320
-31.161033
-4.918702
-31.487134
-31.367332
-30.740682
-31.350523
-6.005080
-31.716488
-6.085970
-31.247250
-30.501444
-5.317568
-31.145650
-30.916859
-31.248063
-30.349244
-31.362559
-29.008311
-31.050581
-6.042858
-30.748168
-31.228443
-31.370195
-30.767561
-31.087850
-31.326554
-31.254101
-31.604037
-30.968285
-4.186531
-6.010992
-31.076331
-31.742185
-6.004738
-30.140480
-31.491483
-4.617228
-29.966294
-31.143389
-30.188057
-31.083114
-31.019844
-31.822885
-31.268113
-31.473267
-31.078779
-31.030546
-30.914886
-6.009446
-4.187841
-28.707405
-30.961511
-30.646873
-30.004717
-30.090157
-31.249716
-30.151707
-30.134639
-31.295766
-31.314570
-30.582447
-6.092591
-29.784236
-4.879480
-29.808032
-31.470715
-3.917492
-30.487875
-31.376961
-31.554270
-31.356236
-31.272879
-29.450309
-31.606697
-30.077096
-31.402321
-31.291213
-31.406482
-30.908514
-31.466836
-5.311764
-30.045762
-29.640156
-31.111252
-30.825725
-31.268407
-31.740180
-29.984076
-31.415027
-30.229914
-30.772649
-31.393093
-31.036006
-30.606524
-31.604827
-31.382328
-4.050054
-31.207803
-30.474887
-31.163670
-28.307455
-29.706919
-6.047104
-6.008689
-31.100568
-30.676095
-30.251769
-31.140042
-31.396860
-6.042904
-4.588910
-28.857412
-6.003512
-29.802444
-30.678861
-30.787733
-30.566576
-31.651097
-31.064189
-6.008807
-30.833797
-4.411101
-31.522023
-5.335606
-31.100106
-30.453749
-6.003525
-29.728665
-5.311614
-31.196228
-31.564189
-6.046899
-5.332762
-31.092664
-6.004747
-30.977083
-29.921579
-6.008742
-29.513219
-31.538797
-28.452493
-31.002431
-30.728122
-36.005120
-36.164645
-36.016340
-35.570392
-36.052120
-32.160242
-35.900012
-35.784925
-35.873225
-36.332658
-35.935467
-35.622829
-36.125573
-35.921113
-35.852821
-5.966227
-35.472356
-36.273153
-35.417121
-36.263054
-35.494596
-31.678408
-5.274210
-36.346945
-35.873954
-35.836576
-35.692301
-35.156086
-35.527655
-35.950364
-36.186940
-36.043749
-5.272965
-35.968669
-35.968479
-32.637255
-35.311624
-4.868990
-31.342338
-36.327189
-33.991964
-31.831371
-35.932566
-35.844974
-35.753843
-36.388378
-5.967302
-35.963912
-5.966586
-5.966384
-36.006196
-36.019911
-36.135538
-35.468499
-35.721507
-35.787481
-32.798643
-35.754149
-4.579752
-35.718658
-33.977731
-36.045568
-35.831557
-35.085643
-36.003555
-35.664062
-36.061428
-36.098277
-35.919257
-35.588578
-5.272957
-36.029466
-5.966389
-35.676650
-36.110483
-35.645379
-5.968380
-36.121105
-36.361527
-3.257881
-35.466918
-4.174225
-35.334211
-32.574893
-36.174305
-36.513055
-35.387204
-31.951630
-35.969381
-5.966585
-35.810211
-35.697994
-35.722309
-35.753392
-5.967008
-31.777005
-36.302500
-36.272776
-35.183492
-35.581532
-4.867374
-36.215560
-35.311865
-36.294140
-5.966233
-36.083631
-36.380754
-36.118866
-33.057004
-36.252906
-31.150017
-35.829998
-5.966588
-35.926186
-36.007929
-36.009829
-33.799849
-36.264232
-36.299440
-35.590067
-35.449686
-33.612788
-36.080601
-31.706855
-35.960116
-35.508725
-35.868587
-36.098463
-36.002352
-36.115574
-36.456654
-32.866070
-35.604966
-32.776622
-36.021856
-35.937799
-35.832140
-33.651752
-5.968247
-4.867494
-5.965931
-5.966414
-5.965932
-5.967419
-5.965932
-5.272784
-5.965931
-5.965931
-5.966542
-3.568035
-5.967359
-5.272784
-5.965932
-5.966528
-5.272784
-5.965931
-5.965932
-5.272784
-5.965931
-5.965932
-5.965932
-5.965932
-5.272784
-5.965931
-5.272784
-5.272784
-5.272784
-4.579753
-5.965932
-5.966620
-5.965932
-5.965932
-5.967401
-5.966077
-5.965932
-5.965931
-5.965931
-5.965932
-5.965931
-5.273806
-5.965931
-5.273237
-3.768709
-5.272784
-5.965931
-4.579643
-5.965932
-5.965932
-5.965931
-4.579636
-5.965931
-4.867319
-5.272784
-5.965931
-5.272784
-5.965931
-5.965931
-5.965932
-5.965931
-5.965932
-5.965932
-5.272784
-4.579637
-5.965931
-5.965932
-5.965931
-5.965931
-5.965932
-5.965931
-5.965931
-5.965932
-5.965931
-5.965931
-5.272784
-5.965932
-5.273082
-5.965931
-5.965931
-5.965932
-4.579636
-5.965931
-5.965932
-5.273701
-4.867319
-5.967360
-5.965931
-5.965932
-5.965932
-5.965931
-5.965932
-5.965932
-5.965931
-5.965931
-5.965931
-5.272784
-5.965931
-5.965931
-5.272784
-5.965932
-5.965931
-5.272784
-5.965931
-5.966248
-5.965932
-5.965931
-5.272784
-5.965931
-5.965931
-5.965932
-5.965931
-5.965931
-5.965932
-5.965932
-5.965931
-5.965932
-5.272784
-4.867319
-4.579637
-4.867319
-5.965931
-5.965932
-4.867319
-5.272784
-4.579945
-5.966541
-5.965932
-5.965931
-5.274197
-5.272784
-5.965931
-5.965932
-5.965931
-5.273050
-35.416412
-35.241624
-35.548097
-35.467762
-35.493646
-35.644830
-35.465430
-35.014633
-35.386826
-35.480378
-34.815890
-35.113650
-32.847352
-32.599032
-35.149217
-35.612621
-34.733049
-34.858191
-35.350832
-35.464796
-35.131137
-35.683636
-35.439901
-35.310046
-33.129414
-35.167419
-34.786537
-35.166161
-35.848941
-35.563421
-35.465297
-33.283525
-35.076256
-35.225452
-35.177297
-33.504987
-35.731807
-34.617472
-32.761204
-33.144245
-35.595193
-35.091573
-32.981849
-35.090025
-35.075116
-35.491538
-35.494929
-35.152159
-35.355918
-35.763737
-35.202848
-34.946613
-35.511841
-35.234791
-35.817276
-35.483396
-35.572142
-35.674073
-35.899854
-33.155038
-33.054928
-35.433055
-35.198379
-35.942822
-34.946641
-36.003706
-35.437098
-35.911513
-35.619278
-35.367824
-36.057895
-35.394310
-35.463634
-33.247031
-35.571709
-34.961936
-34.927431
-35.536344
-35.506520
-35.109787
-35.676024
-35.987695
-35.552439
-35.805680
-33.528087
-35.472773
-35.899302
-33.245139
-33.990341
-33.238996
-35.402918
-35.972957
-35.470604
-35.461565
-35.426691
-35.502255
-34.883820
-35.553110
-35.515245
-33.153891
-35.550693
-35.968579
-36.033954
-35.466822
-35.550284
-35.837004
-36.037322
-36.953704
-36.497300
-37.031373
-36.849596
-36.916791
-37.192829
-36.572633
-37.336164
-36.630856
-36.313472
-36.939260
-37.188895
-36.995947
-37.234787
-36.907176
-36.731721
-36.969760
-36.761415
-36.914670
-36.492641
-36.914871
-37.130104
-36.606205
-36.813538
-36.355859
-36.357256
-36.378126
-36.235743
-36.726703
-36.751120
-37.188391
-36.712474
-37.185831
-37.104931
-36.692875
-36.978214
-37.292456
-37.177205
-37.029080
-37.270437
-37.354371
-36.690651
-36.996486
-36.394305
-36.848811
-36.923714
-36.983013
-37.394446
-36.972222
-36.121210
-36.776017
-36.795310
-37.013595
-37.498576
-36.875983
-36.826761
-37.014827
-36.885201
-37.373842
-36.688560
-36.247632
-37.158487
-36.834730
-36.782596
-37.035596
-37.161286
-36.857743
-36.776923
-36.972215
-36.920453
-36.907957
-36.474469
-36.310745
-37.135297
-36.488469
-36.884466
-37.024834
-37.058477
-37.064868
-36.974024
-36.850752
-36.941255
-36.828736
-36.790628
-37.260462
-36.746961
-37.120469
-36.705654
-37.293201
-36.866858
-37.020265
-36.502459
-37.307600
-36.832315
-36.290554
-36.950348
-37.412699
-37.102020
-37.145814
-37.045682
-37.360757
-37.387843
-37.136560
-36.440048
-37.395067
-37.199006
-36.393247
-36.495011
-37.156926
-36.852391
-37.009691
-36.845364
-37.191870
-36.328194
-36.750946
-36.130761
-36.832616
-37.238180
-36.828497
-36.440317
-36.816172
-36.926055
-37.128445
-37.268159
-37.085230
-36.900661
-37.179581
-37.217084
-37.059624
-37.009696
-37.231384
-37.031219
-37.131685
-36.397674
-37.072388
-36.873227
-36.186518
-37.241205
-37.278498
-36.081783
-37.337337
-36.672729
-36.263417
-36.552157
-36.458057
-36.604642
-36.864824
-36.778582
-36.671341
-36.976045
-36.546989
-36.948100
-36.906517
-36.970226
-37.273422
-36.404174
-37.243841
-37.069602
-37.365291
-36.669320
-37.257895
-36.964309
-36.964028
-36.095089
-36.792903
-37.470928
-36.784209
-37.038865
-36.828538
-36.371047
-37.094688
-36.887844
-36.874252
-36.397650
-36.750662
-36.905206
-28.412653
-5.938510
-28.006391
-28.585582
-28.566869
-5.800202
-28.115545
-27.978521
-28.163215
-28.516955
-28.435140
-28.574942
-28.110457
-26.718094
-24.188916
-27.323579
-28.459872
-28.642085
-5.777732
-28.634249
-26.739851
-5.803944
-5.798677
-28.315891
-27.028295
-25.344835
-28.266013
-25.214596
-28.502812
-28.058016
-26.743564
-24.027550
-28.412998
-24.603685
-25.859192
-25.550270
-23.887459
-26.773681
-28.262199
-27.903113
-28.171764
-28.790207
-26.186196
-28.402481
-27.887864
-24.925211
-28.299478
-28.834405
-24.201944
-26.942479
-28.917878
-28.322489
-27.956417
-28.605293
-26.994941
-4.418421
-5.182098
-5.867461
-27.705589
-28.895928
-27.817228
-28.474971
-28.889868
-27.230277
-24.673357
-28.339906
-27.914106
-25.108342
-28.089198
-28.744426
-28.285392
-5.705618
-25.290613
-28.524690
-5.664264
-28.427376
-27.497741
-28.163416
-27.674278
-5.643067
-28.270443
-26.326665
-26.375260
-26.627319
-26.918333
-28.172917
-25.288407
-26.632452
-28.134859
-28.793031
-26.522462
-28.820355
-28.470509
-28.309455
-28.587721
-25.428403
-28.047307
-28.765362
-26.344491
-28.283310
-28.432640
-28.852568
-26.936801
-25.927477
-27.059494
-28.718808
-28.284575
-28.204599
-27.409492
-5.815793
-26.793439
-5.944013
-28.973605
-6.225568
-26.862890
-28.618706
-28.179992
-25.787920
-28.282178
-28.092994
-25.487930
-28.791163
-4.734453
-5.954641
-5.781767
-5.964404
-28.905526
-28.353986
-27.032235
-5.750746
-26.071695
-27.177851
-28.827257
-26.183128
-26.055560
-28.513400
-28.145453
-27.790653
-28.582852
-5.771670
-5.742345
-28.271243
-26.084643
-26.721384
-27.800637
-5.761332
-27.407146
-28.579335
-28.162631
-25.013646
-28.207894
-28.774275
-28.021220
-28.178973
-5.008730
-28.391457
-25.590345
-28.533133
-27.726256
-4.619216
-28.035248
-28.151974
-28.618816
-26.517795
-28.195784
-5.054144
-27.943078
-26.638160
-28.130252
-28.657405
-28.330751
-27.753024
-28.677837
-28.523020
-28.335238
-28.357708
-28.146214
-25.721589
-5.875074
-27.757083
-28.908864
-25.534050
-26.391059
-28.288381
-26.200966
-26.584160
-28.123647
-26.583620
-28.085460
-28.426896
-28.387677
-28.644841
-28.809890
-28.415267
-28.139646
-28.213725
-5.697833
-4.605139
-5.715542
-27.834054
-27.282600
-26.779911
-26.900971
-27.868945
-5.799868
-26.506784
-28.239990
-28.724293
-27.017285
-24.839432
-26.779236
-26.724114
-26.072759
-28.643567
-5.792966
-26.844494
-28.443010
-28.181333
-28.511640
-28.409738
-25.242191
-28.351692
-5.713426
-28.189724
-28.140991
-28.672314
-28.026584
-28.065763
-4.661626
-26.632655
-25.986835
-28.765102
-28.224069
-28.608799
-28.603011
-26.885942
-28.390933
-5.742484
-28.215453
-28.636573
-28.217481
-28.203924
-28.499760
-28.180205
-5.834863
-28.176767
-3.776466
-28.425008
-5.032775
-5.838436
-25.673671
-24.448299
-27.946655
-27.714587
-5.811248
-27.870375
-28.508883
-26.740655
-25.461391
-5.704262
-26.863295
-5.808867
-27.453627
-27.036943
-28.157317
-28.573678
-28.363564
-5.188365
-27.293261
-5.127589
-28.575709
-23.726936
-27.868027
-27.461192
-27.099274
-5.126793
-5.046865
-28.270039
-28.685418
-25.493985
-25.354449
-27.231703
-25.797366
-27.650405
-5.105746
-5.053798
-26.020541
-28.226247
-5.857188
-28.166027
-27.337072
-5.745060
-5.873942
-5.839330
-5.057208
-5.836140
-4.992061
-5.806978
-5.773080
-5.122707
-5.795954
-5.597191
-5.736644
-5.663016
-5.757535
-5.045261
-5.825881
-4.576188
-5.870608
-5.124626
-5.811024
-5.050169
-5.759389
-5.063885
-5.710430
-5.704967
-5.053429
-4.647296
-3.837550
-5.079767
-5.806466
-5.793537
-5.655226
-5.717898
-5.651436
-5.755616
-5.026356
-4.123336
-3.187318
-5.776539
-5.654593
-5.738543
-5.709385
-5.785848
-5.870400
-5.730301
-5.713536
-4.397231
-5.894879
-5.047993
-5.606187
-5.076307
-5.775487
-5.773691
-5.141652
-5.659947
-5.110027
-5.723205
-5.796462
-5.084433
-4.586661
-5.618598
-5.816715
-5.696166
-3.417880
-5.763413
-5.843917
-5.673567
-5.866921
-5.745565
-5.798077
-5.653493
-5.763849
-5.654666
-4.659817
-5.774200
-5.744663
-4.132514
-5.795690
-5.604653
-4.173506
-5.066163
-5.727379
-3.896045
-4.347026
-5.645893
-5.714267
-5.062971
-5.673056
-5.125646
-5.072052
-5.001575
-5.781553
-5.814260
-5.143251
-5.702239
-5.801229
-5.752552
-5.767132
-4.436381
-4.166797
-5.802540
-5.794139
-4.147814
-5.617903
-5.755927
-5.787779
-5.719901
-5.597661
-5.047097
-5.744280
-5.799534
-5.893348
-5.012364
-5.013262
-5.878855
-5.626176
-5.733309
-5.657811
-5.826084
-5.772498
-5.021506
-5.775150
-5.645877
-5.713435
-4.647724
-4.701717
-5.862618
-5.935132
-5.769950
-5.635256
-5.787923
-5.061317
-5.170289
-5.103024
-5.784841
-5.779385
-5.662385
-5.871378
-5.747240
-5.071360
-31.334563
-28.709573
-31.020882
-25.602973
-31.115401
-30.989361
-31.181474
-31.210533
-27.985198
-30.637769
-27.768870
-31.225271
-31.068793
-28.240714
-30.504603
-31.412504
-31.101175
-30.836824
-31.333729
-30.805068
-31.016455
-30.876822
-30.926930
-31.611972
-30.771306
-30.928432
-31.244071
-28.038809
-31.280343
-27.871660
-30.994769
-31.152200
-28.085287
-28.738875
-31.039851
-31.172996
-31.229588
-31.547265
-31.577549
-25.646859
-31.212931
-26.674067
-28.003844
-30.706662
-31.732879
-28.620242
-31.066450
-31.088298
-31.389602
-30.591710
-31.472942
-30.607037
-30.919280
-31.351276
-30.650499
-31.128136
-31.105911
-31.418616
-31.110133
-31.002109
-31.386455
-30.649050
-30.631337
-30.836750
-31.346721
-31.333267
-30.966673
-31.421558
-31.110168
-31.364101
-31.218057
-31.055569
-31.822708
-31.255582
-30.852165
-27.819787
-31.147579
-30.799511
-31.306830
-30.632667
-31.213908
-31.009605
-24.983730
-31.176374
-27.853812
-31.211545
-31.055725
-31.311847
-31.668886
-31.541357
-31.153690
-31.189996
-31.274054
-31.473304
-31.249588
-31.197609
-31.482295
-31.239540
-30.908895
-31.532316
-31.084615
-31.384128
-28.880059
-31.392714
-31.043613
-30.605488
-30.971943
-31.250444
-31.084653
-31.345454
-31.345154
-30.992502
-31.180015
-31.225170
-31.372449
-30.679344
-30.577084
-30.540191
-30.692540
-31.126754
-31.371022
-30.592976
-30.901866
-27.345265
-28.444342
-31.530840
-30.848475
-25.309351
-30.964736
-31.510642
-31.049261
-31.154814
-27.857875
-30.093498
-30.388921
-30.613458
-30.748010
-30.087472
-30.590822
-30.209222
-30.138609
-30.373617
-30.289329
-30.386736
-30.317309
-27.972059
-27.712178
-30.203379
-30.196802
-30.111209
-30.250591
-30.839589
-30.336630
-30.653390
-30.667978
-30.273334
-30.188941
-27.829632
-29.689898
-29.834734
-30.551796
-30.453215
-30.648937
-30.120163
-27.835049
-30.372201
-30.422670
-29.944618
-28.279297
-30.355828
-29.863285
-27.661780
-28.431565
-30.409166
-30.405258
-27.670712
-30.304239
-29.979373
-30.491865
-30.768583
-30.215339
-30.494052
-30.504433
-30.258233
-30.056766
-30.650609
-30.216444
-30.447846
-30.802020
-30.435826
-30.438302
-30.262528
-28.277689
-28.042301
-30.450448
-30.119101
-30.570882
-29.944578
-30.441642
-30.331248
-30.763723
-30.488315
-30.558575
-30.931050
-30.226808
-30.387456
-28.201876
-30.436949
-29.723827
-29.853146
-30.976105
-30.559145
-29.862870
-30.417222
-31.037964
-30.459170
-30.946547
-27.985668
-30.464219
-30.847702
-28.317011
-28.769906
-28.088982
-30.931640
-30.714804
-30.456372
-30.338626
-30.506521
-30.762431
-30.472996
-31.018607
-30.659838
-28.091536
-31.142424
-30.572541
-30.493961
-30.202359
-30.936189
-30.896712
-30.644845
-31.583363
-31.513673
-32.059844
-32.042883
-31.708550
-31.675208
-31.812944
-31.520048
-31.176306
-31.107417
-32.052516
-31.676540
-31.892631
-31.995972
-31.581281
-31.693894
-31.585969
-31.590021
-31.787914
-31.349497
-31.603643
-31.888404
-31.603642
-31.785457
-31.349699
-31.398557
-31.231413
-31.044341
-32.011707
-31.663390
-31.353729
-31.299169
-31.535321
-31.452977
-31.610024
-31.935142
-31.547896
-31.763673
-31.764040
-31.516124
-32.039439
-31.267410
-31.497008
-31.019550
-31.582294
-31.734492
-32.050007
-32.070564
-31.004235
-31.103436
-31.931778
-32.052003
-31.571067
-31.721087
-31.435387
-31.796360
-31.569210
-31.409509
-31.784067
-31.290422
-31.282813
-31.486311
-31.389009
-31.833065
-31.202586
-31.471769
-31.151645
-31.800263
-31.584669
-31.503262
-31.589903
-31.482587
-31.354676
-31.850203
-31.734884
-31.391537
-31.586140
-31.668355
-31.693348
-32.177589
-31.973954
-32.052109
-32.100145
-31.617040
-32.125493
-31.555706
-31.939232
-31.286004
-31.792609
-31.540899
-31.749578
-31.411028
-31.646754
-31.408747
-30.883766
-31.883702
-31.716664
-32.201128
-32.063478
-31.806690
-32.047540
-31.521215
-31.609723
-31.328315
-32.150709
-32.191981
-30.925052
-31.179244
-31.977225
-31.507508
-31.575833
-32.032261
-31.594243
-31.110192
-31.639340
-31.363032
-31.690732
-31.617656
-31.490055
-31.789024
-31.495691
-32.035606
-32.116469
-31.724938
-31.332490
-31.981731
-32.027745
-32.130473
-31.460014
-31.790607
-32.070705
-32.028451
-32.038100
-31.368151
-31.753510
-31.798031
-31.163918
-31.610831
-31.634603
-30.912335
-32.051004
-31.611130
-31.537992
-31.087310
-31.560297
-31.422973
-31.798997
-31.559147
-31.620708
-31.481316
-31.686693
-31.699088
-32.008175
-32.073566
-32.071316
-31.548553
-31.693978
-32.281406
-31.782758
-31.421688
-31.603728
-31.892995
-32.006083
-30.772844
-31.409519
-31.984190
-31.257579
-31.807273
-31.655540
-31.345325
-31.788851
-32.054425
-31.263045
-30.827160
-31.585946
-31.815647
-26.077613
-24.744644
-25.758291
-26.384154
-25.909676
-5.259880
-25.593308
-25.769105
-26.237586
-25.605251
-25.818475
-26.033874
-25.705505
-24.296016
-22.353520
-24.631106
-26.420203
-26.211695
-4.175024
-26.184212
-24.484773
-22.806628
-24.439377
-25.968866
-24.915040
-23.270704
-25.866661
-23.416463
-26.117922
-25.840757
-5.313120
-5.274668
-25.686960
-22.196834
-23.567912
-22.839443
-4.185981
-24.779045
-25.771838
-26.141361
-25.578649
-26.198831
-24.132719
-26.140672
-25.588196
-3.528261
-25.984683
-26.446688
-4.654180
-24.203994
-26.627643
-26.179225
-26.296654
-26.239203
-24.630796
-22.394405
-4.709680
-4.303182
-25.112496
-26.390918
-25.860960
-26.017560
-26.573349
-24.518986
-4.502003
-25.844239
-25.816002
-22.809096
-25.454597
-26.407296
-26.120911
-24.974512
-23.336925
-26.082413
-24.840334
-25.765616
-24.728010
-26.158102
-25.478830
-5.443418
-26.032662
-24.013968
-5.312435
-5.410435
-24.602112
-26.316443
-4.678874
-24.384404
-25.729998
-25.947033
-24.021173
-25.955504
-25.964830
-25.845379
-26.317182
-4.638173
-25.791590
-26.680191
-23.547751
-26.130020
-26.042691
-26.422534
-24.735631
-23.591324
-24.662614
-26.197609
-26.164710
-25.873308
-25.094079
-24.298265
-24.490093
-24.241445
-26.110308
-3.244453
-24.467817
-25.621235
-25.763052
-23.274107
-25.811583
-26.023000
-23.281183
-26.015942
-4.302942
-24.436248
-3.699386
-5.366919
-26.222865
-26.196400
-24.665769
-24.233733
-4.620766
-24.596871
-26.408314
-5.339985
-5.384827
-25.938135
-26.146409
-25.489667
-25.970473
-24.809790
-24.390263
-26.312910
-4.509432
-5.359288
-25.377193
-24.694119
-25.293822
-25.848044
-25.908714
-22.820326
-25.906050
-26.191663
-25.360152
-26.167801
-23.801898
-26.004734
-22.952217
-25.978153
-25.464791
-5.545470
-25.896875
-25.722109
-26.532594
-23.939737
-26.242295
-23.434215
-25.595837
-24.528015
-25.832433
-26.454138
-25.684043
-25.509236
-25.998437
-26.050489
-25.477326
-26.346506
-25.759281
-23.093504
-5.377472
-25.414723
-26.522343
-5.328935
-5.255289
-26.186334
-24.536705
-4.657785
-25.471896
-24.008237
-25.461323
-26.155423
-26.207239
-26.025220
-26.687068
-25.882524
-25.938876
-25.935493
-5.399337
-21.925605
-4.549678
-25.579692
-24.777704
-24.445546
-24.250567
-25.635406
-24.285952
-24.383435
-25.886677
-26.316351
-24.563594
-5.402818
-4.527575
-24.926911
-5.388892
-26.643585
-3.719069
-5.451742
-25.978095
-26.164717
-25.900910
-26.198737
-4.247363
-26.190494
-24.656537
-26.057108
-25.774048
-26.529615
-25.730789
-25.868132
-23.117156
-24.728749
-24.169931
-25.998051
-25.701134
-25.798463
-26.099976
-24.117441
-26.248838
-24.405788
-25.354863
-26.060360
-25.937922
-25.587733
-26.185904
-26.098253
-4.626480
-26.340407
-24.550645
-26.077069
-4.536700
-23.267027
-23.074264
-5.345799
-25.996658
-25.703731
-24.505622
-25.616781
-26.277773
-24.220082
-5.290463
-22.928822
-24.616926
-23.722434
-24.468028
-24.713015
-25.572266
-25.862356
-26.485418
-4.538790
-24.990547
-22.784450
-26.266189
-5.273153
-25.919009
-25.346399
-24.612920
-24.488260
-23.085706
-25.805592
-26.221993
-23.533267
-23.014971
-24.456560
-5.315872
-25.294919
-24.408674
-5.305306
-5.347805
-25.853027
-21.936228
-25.946756
-24.554021
-29.211542
-29.137982
-29.128802
-29.360555
-29.681631
-24.528510
-29.281496
-29.055229
-28.976075
-29.339734
-29.613925
-29.568906
-29.173427
-29.275969
-28.752954
-26.820990
-28.829521
-29.487530
-29.106087
-29.746464
-29.145601
-4.566235
-5.444877
-29.666731
-29.051283
-28.946026
-28.670229
-29.001949
-29.033940
-29.383100
-29.614292
-29.247170
-24.630332
-29.544322
-29.874792
-4.626881
-29.006828
-5.282072
-4.552248
-29.272307
-26.257967
-4.597712
-29.461515
-29.733031
-29.268211
-29.209020
-26.270523
-29.519379
-26.722353
-25.013265
-29.356687
-29.528190
-29.797777
-28.686867
-29.462466
-28.813049
-5.289093
-29.227465
-26.090901
-28.768630
-26.471577
-29.345130
-29.129912
-28.336746
-29.457541
-29.173695
-29.271593
-29.526501
-29.122979
-28.999793
-24.851141
-29.395712
-24.908308
-28.712637
-29.445447
-29.032244
-5.362129
-29.694692
-29.136966
-5.154002
-29.309336
-5.350092
-28.863179
-5.325689
-29.367388
-29.862917
-28.690394
-24.562065
-28.901018
-26.420951
-28.752772
-29.514966
-29.286785
-29.125858
-24.063250
-24.247307
-29.214776
-29.563525
-29.074969
-28.679815
-26.601313
-29.067661
-29.008370
-29.320235
-26.724028
-29.455828
-29.578953
-29.224539
-26.011970
-29.539631
-5.285864
-29.453462
-26.683591
-29.294824
-29.107030
-29.133841
-26.395480
-29.141740
-29.748022
-29.523052
-29.111893
-26.635721
-29.149614
-24.602563
-28.678365
-28.905032
-29.608412
-29.517813
-29.243983
-29.547158
-29.272730
-5.270937
-28.931675
-5.400430
-28.949927
-29.619015
-29.545014
-26.261079
-4.578417
-26.162561
-29.887929
-26.113086
-29.353375
-5.297860
-29.783716
-28.962527
-29.567072
-29.894607
-26.587635
-28.976629
-4.527981
-29.124744
-29.543501
-26.852974
-28.806761
-29.503678
-29.382230
-28.998761
-29.486803
-29.223661
-29.570976
-29.213932
-29.046262
-29.558712
-29.222040
-29.110688
-29.268626
-5.283433
-29.710538
-5.282143
-29.448787
-29.244787
-4.644250
-26.313457
-29.291384
-29.784199
-29.793600
-29.491251
-29.608232
-4.567509
-29.494926
-5.362794
-25.938380
-29.115019
-29.619410
-26.529107
-29.562722
-29.549733
-29.722204
-29.028274
-29.655905
-29.110561
-29.400772
-29.960147
-29.069067
-29.456990
-29.269580
-29.614198
-29.404176
-29.319801
-29.714225
-29.425308
-29.086038
-29.109298
-29.334723
-29.501999
-29.519844
-29.805705
-29.735493
-29.669297
-29.202914
-29.509089
-29.596068
-29.325170
-29.333676
-5.190928
-29.762955
-29.318750
-29.454571
-29.343266
-29.352885
-29.314207
-5.294662
-28.827363
-4.536986
-29.685632
-29.334828
-29.285595
-29.903839
-29.542253
-29.377620
-29.484010
-29.825340
-29.475595
-29.360581
-29.595614
-29.803921
-29.345098
-29.298933
-29.524423
-29.246083
-29.216336
-26.200155
-29.249918
-29.686813
-29.131449
-29.423561
-29.380305
-29.886059
-29.272046
-29.452480
-29.294119
-29.394427
-29.959123
-29.358495
-29.442181
-29.223277
-28.974423
-29.248929
-29.625360
-29.737769
-29.159617
-29.405019
-4.615523
-26.367292
-29.933071
-29.386290
-4.223309
-29.039862
-29.515581
-29.548396
-29.247347
-26.394996
-5.354950
-5.242977
-5.312682
-5.229519
-5.223018
-5.307953
-5.293235
-4.572475
-5.234435
-5.290249
-4.558966
-5.259245
-4.593322
-5.238356
-5.354054
-5.238935
-4.596700
-4.511767
-5.203783
-5.213240
-5.362753
-5.180069
-5.301553
-5.384569
-4.608411
-4.582091
-4.636241
-5.374507
-5.230519
-5.210782
-5.363008
-4.674876
-5.201227
-5.235324
-4.653453
-4.549253
-5.369174
-3.619216
-4.155267
-5.335891
-5.212639
-5.189718
-5.183709
-5.335840
-5.328096
-5.341173
-5.375700
-5.266145
-5.281355
-5.392173
-5.188329
-4.570758
-5.207868
-5.275656
-29.122898
-28.871247
-28.968551
-29.341220
-29.016981
-25.748608
-26.172996
-29.314029
-28.342486
-28.920077
-28.886730
-29.348188
-29.122600
-29.353729
-28.716364
-28.999862
-28.843114
-28.720181
-29.136291
-26.105663
-29.018084
-28.209732
-28.153479
-29.049601
-29.343591
-28.505484
-28.739334
-29.253348
-29.053612
-29.308867
-26.512411
-29.232392
-29.149931
-26.203982
-26.236192
-25.701830
-29.108324
-28.926178
-28.868227
-28.724517
-28.772489
-28.774416
-28.627178
-29.473799
-28.766884
-26.154346
-28.980364
-29.185254
-29.261416
-28.975769
-29.077529
-29.243412
-28.782050
-29.254540
-28.943720
-29.201916
-29.127432
-29.507117
-29.424378
-29.208521
-29.210143
-28.872057
-28.180826
-29.358606
-29.074809
-29.584621
-29.458682
-29.480028
-28.829450
-29.180479
-29.293933
-29.503240
-28.469224
-29.272207
-29.125731
-28.775802
-29.365710
-29.026096
-28.588704
-28.656719
-28.457260
-29.460085
-29.377638
-28.964162
-28.659193
-29.177204
-29.299037
-28.991694
-29.435403
-29.121788
-29.233317
-28.886414
-28.964623
-29.341497
-28.578529
-28.956712
-28.548456
-29.066439
-29.503425
-28.971704
-29.262912
-29.078279
-28.291919
-28.868720
-28.942536
-29.564894
-29.119849
-28.945300
-29.373363
-29.167498
-28.779455
-29.157043
-29.041463
-28.830502
-28.859562
-28.936939
-29.382604
-29.139964
-29.165280
-28.743383
-29.038603
-28.855101
-29.335530
-28.918273
-28.616103
-28.489145
-29.455577
-29.080622
-29.121402
-29.158454
-29.098797
-29.149991
-29.045482
-29.196307
-29.635204
-29.000679
-28.691685
-29.220756
-29.021549
-29.449234
-29.024656
-29.164900
-29.264546
-29.157743
-28.705274
-29.404297
-28.829176
-28.625420
-29.686888
-28.925329
-28.994439
-29.124438
-29.351215
-29.111924
-29.382511
-28.989511
-28.693383
-29.158875
-29.008746
-28.903937
-28.914573
-29.295066
-28.666385
-29.111248
-29.135708
-29.343750
-28.539084
-28.955613
-28.762123
-28.887769
-29.494221
-28.971922
-28.786708
-29.444635
-29.201407
-29.210348
-29.622119
-28.919146
-29.474442
-29.069913
-29.224719
-29.064229
-29.390044
-29.378581
-29.636786
-29.196195
-28.687163
-29.350932
-29.113140
-28.254761
-29.457592
-28.850969
-28.366759
-28.808590
-28.832126
-28.548297
-28.725310
-28.949703
-28.733172
-29.004226
-29.344452
-29.198509
-29.058805
-29.269803
-29.181750
-29.360607
-29.299746
-29.111605
-29.190661
-28.999871
-29.399093
-29.189190
-28.901433
-28.836518
-29.567106
-29.174571
-28.234981
-29.074200
-29.066298
-28.992338
-29.249332
-29.227842
-29.008919
-29.656903
-28.992658
-28.651496
-28.712090
-29.052278
-29.576814
-6.336261
-5.618572
-6.336261
-6.336261
-6.336261
-6.297316
-5.643113
-6.336261
-6.336261
-5.643113
-5.643113
-6.336261
-5.643113
-6.300047
-4.849421
-6.287833
-6.336261
-6.336261
-5.500222
-6.336261
-6.323789
-6.224235
-5.618699
-6.336261
-6.287898
-5.593727
-6.336261
-5.187783
-6.336261
-6.336261
-6.321856
-6.221781
-6.336261
-3.936169
-6.249950
-4.890265
-4.610342
-6.300325
-6.336261
-5.643113
-5.237648
-6.336261
-6.327043
-6.336261
-5.643113
-3.969460
-6.336261
-6.336261
-5.543282
-5.594461
-6.336261
-6.336261
-6.336261
-6.336261
-6.288542
-5.125147
-3.760326
-4.582822
-4.726823
-6.336261
-4.949966
-6.336261
-6.336261
-6.287859
-6.236243
-6.336261
-5.237648
-6.236993
-5.237648
-6.336261
-6.336261
-6.312295
-5.581258
-6.336261
-6.312337
-6.336261
-6.288527
-6.336261
-5.643113
-6.194547
-6.336261
-4.913576
-5.628011
-5.222458
-6.288521
-6.336261
-6.286509
-5.606770
-6.336261
-6.336261
-5.189100
-6.336261
-6.336261
-6.336261
-6.336261
-5.185841
-6.336261
-6.336261
-6.249840
-6.336261
-6.336261
-6.336261
-6.323838
-5.556571
-6.287937
-6.336261
-6.336261
-6.336261
-4.256819
-5.618688
-6.324074
-5.213020
-6.336261
-3.630154
-6.301562
-6.336261
-6.336261
-4.305969
-6.336261
-6.336261
-6.252298
-6.336261
-4.583186
-6.312077
-6.201170
-6.196451
-6.336261
-6.336261
-6.287878
-4.925470
-4.934865
-6.289915
-6.336261
-5.628060
-5.628133
-6.336261
-6.336261
-4.949966
-6.336261
-6.312234
-6.312264
-6.336261
-5.628485
-6.321939
-4.726823
-6.312240
-4.033676
-6.336261
-6.336261
-4.900195
-5.643113
-6.336261
-4.726823
-6.336261
-6.275966
-6.336261
-5.187930
-6.336261
-4.949966
-5.503039
-5.643113
-5.643113
-6.336261
-5.597165
-6.336261
-5.606440
-5.643113
-5.606760
-5.643113
-6.336261
-6.336261
-4.949966
-6.336261
-6.336261
-5.643113
-6.336261
-6.336261
-5.594041
-6.195898
-5.237648
-6.336261
-6.285135
-6.321743
-6.336261
-4.913736
-5.628776
-5.237648
-5.189067
-5.237648
-6.336261
-6.336261
-6.336261
-6.336261
-6.336261
-6.336261
-6.336261
-6.193892
-5.519648
-6.249001
-5.237648
-6.287915
-6.323908
-5.594445
-5.643113
-5.618686
-5.594476
-6.336261
-6.336261
-6.287910
-5.134757
-6.323004
-6.300637
-6.272838
-6.336261
-4.415383
-6.322097
-6.336261
-6.336261
-6.336261
-6.336261
-6.276970
-6.336261
-6.312291
-6.336261
-6.336261
-6.336261
-5.643113
-6.336261
-5.582375
-6.323923
-5.224691
-6.336261
-5.643113
-6.336261
-6.336261
-4.209856
-6.336261
-5.618752
-5.237648
-6.336261
-5.643113
-5.643113
-6.336261
-6.336261
-4.582758
-6.336261
-6.317099
-6.336261
-5.147591
-6.262640
-5.556678
-6.221672
-5.643113
-5.643113
-6.312196
-5.237648
-6.336261
-5.606740
-6.285942
-6.250088
-6.300040
-6.299652
-6.288539
-6.287925
-4.949966
-6.336261
-6.336261
-6.249430
-6.287912
-4.328607
-6.336261
-5.120964
-5.643113
-4.544501
-6.300028
-5.619040
-5.581992
-6.336261
-6.336261
-5.556533
-5.151174
-6.287839
-6.285097
-5.237648
-6.312995
-6.208904
-6.272847
-6.336261
-4.638521
-6.336261
-6.287880
-21.030006
-20.842640
-21.295036
-20.520267
-21.044229
-16.191857
-21.161819
-20.974223
-20.836231
-21.090813
-21.372527
-20.808037
-21.012660
-21.026174
-20.529843
-17.760009
-20.949663
-21.153373
-20.986596
-21.009695
-21.131507
-15.607477
-13.747497
-20.987014
-20.971723
-20.827827
-20.786024
-20.293899
-20.928618
-21.480168
-20.855137
-20.987907
-15.128828
-20.934527
-21.164569
-18.363739
-20.588971
-15.925175
-15.736904
-21.377764
-17.105940
-16.313113
-21.130252
-21.185414
-21.066291
-20.941577
-17.266296
-20.841863
-17.797699
-15.679635
-20.907547
-21.467854
-21.284468
-20.626071
-20.953670
-20.503707
-18.708352
-20.802417
-17.256702
-20.511405
-16.957482
-21.526680
-21.190306
-20.308765
-21.400475
-21.371981
-21.460273
-20.925266
-20.975904
-20.638933
-15.569415
-20.794103
-15.473967
-20.633503
-21.196593
-20.874083
-16.219533
-20.839510
-21.191240
-14.785823
-20.899455
-16.125023
-20.403629
-18.616848
-21.032135
-21.077895
-20.949583
-15.906940
-20.539823
-17.730370
-20.552585
-21.287841
-21.021859
-20.825176
-15.236623
-15.628000
-21.192624
-21.135533
-20.244366
-20.800696
-17.638998
-21.430149
-20.334145
-21.260270
-17.252182
-20.970063
-21.040288
-21.385408
-19.071103
-21.058486
-17.655016
-21.254839
-17.912923
-20.515787
-20.949326
-21.051245
-16.724222
-21.178426
-21.287919
-20.781099
-20.566079
-16.671847
-21.061769
-16.162435
-20.584884
-20.937373
-20.881543
-21.475856
-21.005964
-21.178216
-21.268822
-18.613488
-21.120173
-18.575022
-21.019586
-20.894054
-21.394123
-16.772380
-14.211248
-17.312979
-20.202572
-16.488484
-19.751838
-14.832273
-19.767548
-19.559825
-20.164082
-20.219000
-18.197237
-19.317371
-17.674314
-19.455863
-19.664716
-18.187758
-19.286002
-19.953081
-19.509099
-19.468430
-19.985929
-19.406539
-19.789402
-19.439674
-19.451875
-20.317034
-19.537900
-19.564435
-19.300249
-17.627493
-19.843252
-18.048011
-19.830874
-19.528750
-17.940254
-16.319995
-19.777297
-19.888271
-19.927875
-19.606154
-20.151925
-14.708952
-20.161038
-15.785694
-18.001541
-19.892216
-20.053160
-16.035854
-19.822001
-19.705435
-19.926699
-19.237475
-20.437370
-19.410292
-19.386959
-20.143924
-19.735555
-19.915624
-20.153830
-19.803694
-20.019666
-19.621733
-19.766953
-19.324199
-19.080395
-19.940343
-19.685798
-19.938650
-19.929311
-19.799239
-19.982197
-20.252077
-19.810180
-19.895637
-20.159893
-19.460603
-19.457671
-17.715213
-19.901539
-20.006617
-19.736193
-19.522491
-20.196979
-19.735781
-14.632183
-19.380447
-18.065057
-20.034028
-19.735165
-19.661735
-20.168993
-19.828805
-19.534326
-20.426040
-20.304406
-20.135439
-19.241102
-19.924886
-20.192654
-19.783812
-19.627050
-20.170306
-19.460453
-19.906353
-16.308294
-19.817465
-20.086773
-19.469269
-20.016454
-20.373453
-19.538460
-20.106077
-19.895630
-19.709166
-19.701927
-20.170086
-19.754468
-19.579293
-19.182378
-18.961665
-18.983626
-19.964788
-19.762465
-19.399247
-19.310778
-17.586075
-18.033421
-19.819160
-19.890902
-15.060091
-19.585883
-20.295623
-19.680826
-19.964840
-18.265676
-22.352764
-21.921922
-22.012785
-22.117234
-22.230582
-22.143804
-22.222107
-21.672643
-22.348174
-21.987414
-21.746077
-22.269360
-17.012908
-19.706745
-22.383772
-22.245679
-22.022960
-21.703337
-22.145286
-22.011292
-22.519913
-22.113159
-22.078547
-22.174611
-17.110665
-22.074093
-22.201237
-22.325053
-22.713458
-22.182581
-21.921460
-17.021242
-22.297224
-22.024291
-21.987692
-17.114975
-22.212269
-21.987101
-17.051439
-17.203691
-22.320459
-21.922050
-20.106559
-22.272850
-21.846572
-22.223576
-22.041512
-22.614354
-22.663011
-22.194069
-22.151267
-21.748404
-22.056332
-22.555792
-22.903968
-22.960264
-23.056826
-22.834274
-22.655110
-17.316561
-17.235907
-23.325905
-22.342768
-23.488154
-22.230765
-23.167851
-22.731104
-23.160970
-22.674351
-22.669152
-22.756745
-22.849157
-22.814293
-17.568276
-23.087318
-22.042616
-22.590529
-23.211061
-22.610996
-22.622731
-22.678306
-22.871401
-22.871078
-23.098924
-17.105256
-23.329078
-23.160612
-17.324764
-17.631666
-17.031619
-22.803404
-23.046979
-23.264257
-22.695224
-22.867157
-23.025916
-22.183615
-23.059463
-23.313355
-17.580687
-22.897634
-23.032762
-23.212539
-22.374573
-23.422108
-22.993937
-23.014477
-18.637562
-18.341532
-18.804621
-18.841845
-19.018152
-18.880003
-18.536105
-18.638336
-18.526645
-17.745619
-19.244725
-19.149455
-18.852315
-18.768110
-18.974058
-18.597099
-18.865940
-18.759038
-18.921780
-18.389617
-18.621729
-18.681185
-18.722849
-18.755023
-18.589771
-18.159693
-18.446449
-18.432765
-18.953822
-18.679840
-18.644721
-18.524500
-18.877058
-18.606111
-18.440664
-18.763747
-18.722382
-18.728067
-18.770113
-18.831989
-18.863974
-18.347669
-18.942627
-18.307207
-19.082274
-18.513941
-18.606379
-18.743990
-18.515234
-17.731072
-18.485736
-18.732457
-18.970607
-18.775428
-18.929069
-18.768320
-18.590812
-18.322144
-19.078464
-18.727791
-18.108097
-18.663847
-17.992864
-19.031079
-18.188108
-18.546923
-18.165082
-19.016217
-18.513375
-19.147422
-18.596017
-18.816862
-18.331242
-18.692359
-18.327939
-18.503430
-18.993258
-18.762290
-19.108584
-18.652251
-18.535389
-18.596935
-18.737727
-18.451431
-18.750115
-18.268252
-19.029603
-18.222164
-18.876043
-19.097214
-18.562137
-18.566667
-19.087110
-18.500752
-18.053460
-18.727509
-18.622776
-18.819583
-19.045730
-18.885879
-19.230883
-18.624509
-18.596147
-18.499845
-18.921985
-18.882778
-18.347450
-18.323748
-19.012685
-18.852328
-18.601742
-19.128440
-18.831404
-18.000402
-18.435419
-17.857788
-18.414615
-18.763767
-18.285717
-18.685705
-18.923718
-18.805464
-18.758295
-19.054023
-18.539035
-18.769598
-18.501123
-18.871969
-18.908294
-18.665271
-18.599317
-18.662136
-18.565810
-18.221327
-18.370557
-18.916435
-18.098192
-18.832751
-18.464823
-18.228825
-18.768443
-18.777472
-18.339167
-18.183749
-18.694016
-18.787002
-19.154617
-18.976293
-18.714549
-18.467302
-18.362786
-18.836340
-18.842895
-18.744283
-18.841041
-18.132201
-18.843059
-19.046705
-19.126697
-18.505040
-18.866463
-19.136607
-18.700138
-18.424910
-18.969161
-19.175814
-18.421487
-18.978421
-18.863917
-18.495751
-18.764385
-18.747543
-18.514129
-17.938260
-18.659981
-19.005636
